100
3 3
10 1 20 2 25 3
10 2 30 3 20 1
3 5
10 1 6 2 10 1
5 1 3 2 10 1 3 2 5 1
3 5
10 1 6 2 10 1
5 1 6 2 10 1 6 2 5 1
1 1
5000000 10
5000000 100
3 5
10000000000000000 1 6000000000000000 2 10000000000000000 1
5000000000000000 1 3000000000000000 2 10000000000000000 1 3000000000000000 2 5000000000000000 1
3 5
10000000000000000 1 6000000000000000 2 10000000000000000 1
5000000000000000 1 6000000000000000 2 10000000000000000 1 6000000000000000 2 5000000000000000 1
3 67
3420065494122340 90 3408604357176765 39 3414873774499273 21
160438906658316 91 112825612418597 91 110162026954360 91 220833070718210 90 112301939508641 90 147933782223315 90 209202473078361 91 241913269607578 91 114692261907945 91 146523407248525 91 108339320093734 21 187842661132504 16 196499558475582 39 197143892758639 91 153218118994383 21 126852403194359 91 207370352223666 16 163520591209461 90 182531582170175 21 190919852842961 91 110907780250568 91 160090783673073 91 160184654941328 90 180485158249056 16 171046984463652 91 189544559914383 21 176867016616142 21 183456324969376 90 187985784022735 91 107695309932274 90 118567828696123 90 130735531891428 21 101894254057809 39 129710442743385 39 150686645421122 90 143462199799765 90 170002137002547 90 116177708643873 21 136371719322105 90 206065980647957 91 162210994421265 16 158471453568437 90 168608413748707 90 152013582613769 90 142814156507933 91 152324832679161 91 161965607926489 91 147023513945658 21 91087160297359 39 118077900480022 16 125151393874677 16 146611370451544 39 133414041699688 91 120263483801677 39 128153350824788 91 179821566022550 91 151037269305774 90 176354348922741 91 85434989406565 16 156822795851378 16 144705562911529 91 157508684837826 21 157328389827912 39 184475538007079 90 156157665995769 90 151905461745816 91 170192792017480 91
3 23
2276832779734064 19 2275609130068748 47 2284970121556477 70
293629787602094 33 296787839585370 19 295844221818102 69 301453813445773 6 294026350730824 5 297214374712026 97 296040346826723 47 294111639895808 70 297292343135171 53 293721484343945 84 296270425888003 14 297672644804399 76 293339838625148 44 303375693496536 45 305010650973618 48 294853507185076 63 303510862215539 13 295201773204574 99 300379824094644 45 292544063094114 70 301757589887238 6 297515773788577 44 297335307550629 63
3 4
328762617683747 4 371642922257025 88 347242536659372 4
212553832033755 88 404566025305156 4 268235508955041 88 203912284516043 88
3 20
1567314771620091 37 1568929970905390 58 1560713877856848 58
239185941117030 58 242439620506385 58 209735620561885 58 239731310430459 38 217684782970425 90 236320535817949 58 250216350631995 44 226916015352362 37 223607562121316 38 245515629402522 37 257421694960203 58 244747067997849 58 235218908040061 44 232794698535240 38 234610828012264 38 256736606714916 58 213186459980614 38 241572381291289 58 226033025724303 38 202123279994608 38
3 84
2529260749531125 87 2541721484425227 70 2538691098773359 90
135870829821315 96 61087133057236 63 112380839386418 70 79554229004715 90 89609614542474 1 66419035098610 87 88678784525936 1 143161404783396 70 113419655139995 63 86599065158016 90 129618838356480 87 93347631551840 96 56448663197212 96 76364798264232 87 79243614190666 1 132926451803171 63 78252345163635 90 122801675703645 70 83862373911918 70 120916141971607 63 62741592277212 96 71536665213845 90 102513234417815 1 92999151503351 87 87769401727388 70 116717929981172 96 115715562021637 63 83971650414713 87 73385255373915 1 95225312485529 90 109234484000719 96 77715317322951 87 102311047464075 63 76691103363475 1 68428029928997 70 109868146677512 90 121333609716267 90 124283996738443 63 89926968516366 87 105304623014826 70 92268881724585 96 73096774090448 1 115019814252949 1 104347661454059 63 70137356627490 96 67994344650203 70 104226055188859 90 83043684655511 87 126755621555258 1 104390590763055 96 89724057199780 87 90832918352363 90 94576063433652 63 94961044464604 70 73598966144639 96 82235432727871 1 50345375382452 87 109306795212968 90 132785501414775 63 100353472099981 70 102359972983733 90 91215090078315 1 89792734378843 70 82938833770443 96 70067028674471 87 7560349947023 63 135159544791651 63 87089011760977 70 71880366345845 1 108809059122720 87 92112445132387 96 85299360605589 90 90215730888045 63 114361204673070 1 89761746161003 90 95699158200822 70 104030875001641 96 96466246558445 87 61486124282394 87 113772667136939 96 99048433600046 63 122945427214737 70 98912003858592 90 119558001532903 1
3 60
658100927649384 36 552972258614005 72 496275067508303 36
1 72 1 72 79461446021348 36 26226318954213 72 1 72 2350459451488 36 15538647794804 72 12345444160134 72 77131815295550 36 1 36 85233435380468 72 1 36 73174253184846 72 1 36 70438986277923 72 73533589930886 36 6512531620308 36 42706856871123 36 18403606171590 36 14869964957793 72 33447264547582 72 42484529294725 72 21049492601511 36 129045850263679 36 30872597347453 36 33346902957433 36 54185107860102 72 26303779655816 72 52557759098393 72 1 72 30810512355759 72 36443320778008 36 1 36 5672756773207 36 78590632762861 72 33473621752119 36 94605087602165 36 82381961020920 72 32267413559868 72 67765347171057 36 94978045177331 72 1 72 87195822973537 36 17973943232212 36 45058882463579 72 60133588489690 36 4333494575962 36 35691238149283 72 18128835928059 36 80952917852067 36 1 72 1 72 1 72 87622022160016 72 1 36 99426452253205 36 83824779030989 36 108438363798731 72 78380320318940 36 43452501796226 72
3 25
498096945268181 50 298097175923760 50 452122962083768 50
1 39 62297686127319 39 209613298846972 50 39047050471075 50 1 50 91883320156028 50 126724641826005 50 40974247710711 39 1 28 97156198087723 30 35968223802589 50 72277199640987 39 72108803900482 28 91794485702364 50 137793306768126 50 23022420430427 50 35626115025460 28 22900689512376 50 1 50 261604249843315 50 25867139440602 28 1 50 1 30 1 50 128032266011693 50
3 28
477833740553622 51 572690133474382 49 491404537229908 77
90921918129702 51 2057291325215 45 1 90 42706119173554 43 57022753718428 65 136863904796345 82 162525766214873 81 102572957186880 12 49813851662943 72 1 96 1 99 60504319139361 20 160242945575562 84 14682790020170 89 1 76 102059062609715 69 189553320995082 29 129955780145146 42 87304376999846 97 1 49 97700919927341 100 62145032695471 15 41147610199744 71 166840647744454 3 1 41 83698768696426 37 1 39 31139541879814 31
3 93
4754419587881474 41 4878688186355886 46 4800499713366422 41
282280764586586 41 171962641300685 46 164680780866377 41 209385005923655 41 56313664387592 41 161686959517845 41 194257400731744 41 142719140283037 46 216309989539274 41 166101882173995 46 127667488600726 41 80649281881796 41 96553791821370 41 224127818863218 41 159246765230683 41 206575903004892 46 162498175079273 41 185452085020997 46 224393875325067 41 93984500938117 46 171112848968942 41 124639804111843 46 206661342557968 41 99317278858899 41 230530104360440 41 241757146594650 41 179430769564126 46 83115326074386 41 116473506352167 41 193666405050750 41 216514463001442 41 207387140925395 41 78455923711563 46 129095881111009 41 277937419657514 41 161983268650283 41 169855857662448 46 207964326073581 41 243720749280288 41 98113705361667 46 103972510991130 41 205231328803243 46 101923555513307 41 198202130991894 41 122874442433267 41 233617540922019 46 133515985560443 46 220330719944100 46 109174389936219 46 215131405185862 41 195913887081779 41 168382827336524 46 126822141857230 46 172904480893859 46 125708591635866 46 160537117854389 41 170447154883037 46 166487215720237 41 81930594477890 46 151620314412505 41 178367223183934 46 105297530527448 41 176283188493283 46 187289625522927 41 121115333428906 41 214107589035258 46 34532977698810 46 186749803697411 46 136501921835470 46 100929303721628 46 283619174181912 41 129360134029169 46 129468141648840 41 147730818147354 46 136149089800381 41 136987220632485 46 148386577441350 46 246725695426538 41 133423782168895 46 107257922048506 46 149159147133543 41 241846515116189 41 274159115797145 46 88469965716300 41 201221972639229 41 219841485489344 46 159234584942450 41 219512872453159 41 174667724317096 46 124336709016353 46 185865270018433 46 155654302818372 41 133686613656916 46
3 94
5368060527890921 99 5382325811586180 99 5377827851275243 31
174569446466930 99 164833282452109 51 188701001288592 99 170125275201558 51 147585023438830 69 161254026294904 72 179355632318482 51 197402600368266 51 200382674380967 31 154822515043772 51 147686596932660 51 188460823670999 51 153920030104272 99 158655913275565 51 147296943279510 99 172523593251980 51 167827607425192 51 211261967031626 31 197721418840303 51 175657116441290 51 219076006131260 51 186030126450327 31 185231012908906 99 178052178123120 51 196382798334325 99 183887556038633 51 190047144040062 72 161150514020699 99 157231140617352 51 166316945366714 31 193514492123344 51 168634143301795 99 191798909660529 72 191193141561950 31 167042094084122 99 188859299514946 31 156554976710811 72 144249174016502 51 172524836504153 31 182230342526771 99 172826953088743 99 140857327981742 99 177549061532468 51 150897205464744 99 174161423584309 51 186910029854465 99 162933498479347 51 173329804437797 51 152094028071045 72 182078672447334 31 160424679272865 69 177588068582185 72 198572727798808 31 156661805009499 51 189020783919610 69 208785035717605 31 180121305306680 99 138170775396768 31 183252900246884 51 170684082800574 72 146065513228533 99 173252886996889 51 166808579460492 51 169939817927985 99 201076463190100 51 175218394218754 51 163489561097774 51 172604130269441 99 165955240395647 99 173787908140345 51 144473142598026 99 157407011240811 99 180666324399193 72 158871260753594 31 182996986355077 99 184871441737247 99 195496234176199 99 152614246574546 72 204222774568398 31 166149988342021 31 205944148492948 72 140089176906994 51 145806860543341 99 180923115376332 99 152812464563113 51 133282481660414 51 188847879094417 99 192846380636450 99 193057322290732 72 162551794322733 72 178749916097765 51 171532557978737 51 199936138476336 51 169350309186208 51
3 65
5909013132443093 93 5903814372996832 96 5714775893321952 71
401658527098669 68 155565476255800 51 221941018076387 35 241817460817826 96 283449216235372 71 123471371230768 39 143014912764472 9 246763388006025 46 324207932023161 24 123751973868480 49 274826798769909 76 274216407834831 38 349676218975615 92 318386826922257 62 219912897476969 63 443409591334172 64 155977380018524 34 216116087173319 19 313443439281112 14 224074381498229 50 306300041123882 52 347884093834675 28 271426061855480 90 141768189698697 17 201303665139523 18 302011721731762 32 271106210943616 11 299778288560772 36 328932803358434 82 130074490045411 40 253234108822348 89 276352490232221 5 381414023498577 4 299902111627885 23 391340711682685 47 314798255343046 77 371667631688078 2 355960938116616 72 341058931264072 37 128268579335544 48 207077393129573 42 192931636356527 67 225163717007009 70 246335394189794 7 334483164244842 95 126271928713010 44 253002881711646 74 251618111286772 79 141278955232480 15 198738398566932 94 282767450850740 83 281270382836407 97 194667218035659 56 328570110788852 55 200859720264996 73 211306844758191 27 314116286270951 93 334376815106023 58 236898176764010 22 379760481000527 10 407736989060407 43 333715733464497 1 237501745512284 80 277650620899299 41 230737631031927 8
3 62
3903760225246131 36 3712073494788470 52 3756443584615771 36
149493791089859 52 39569777719961 36 264269002077677 52 338034459912280 36 319003650776967 36 210451403532283 36 241612506010815 52 276653422002101 36 296241874754840 36 239723696619398 52 171142660497182 52 263718247853001 52 202764923785290 52 128375169104715 36 270203185546046 52 214514422570953 36 239310786894163 52 308677132867096 52 218882847149162 52 116329073399391 52 44332134543364 36 310732769194409 36 49489621724304 52 179127647001083 36 206576785120906 36 155463954661929 52 191656032307195 52 196935584546573 36 282654114601087 36 140430354355217 52 167122927989885 52 255043728103755 52 298325710805413 36 184017330945215 36 289613322724295 36 235986334803308 36 96713886030443 52 138250880748199 36 240469649485969 36 86970201285766 36 70148713856387 52 112721522925736 52 145932151257716 52 87613355830586 52 201970044394381 52 117098412308476 52 205845410780389 36 136696063952636 36 214312357172619 52 304243179796876 52 48060220257920 52 105636192889126 36 137919415017812 52 268677441846285 36 322040303111081 52 155739936316109 36 199172254352815 52 196588480700344 36 170927647178434 36 191819519730165 52 230024300316677 36 146348454795946 36
3 57
4382361640729228 95 4423811081094213 58 4444196559546718 60
265005550380372 95 159033173330026 58 109567412484787 21 136515564261204 21 126563159242626 60 252138991221699 21 353433686717464 58 270829866477391 58 231631003805982 4 347388552754936 58 325777320525650 95 373265685171221 58 284305640296395 58 206148036773480 21 345449571884985 60 135241611811253 58 276833152602144 58 345145905334797 21 171171991214774 58 331135712262408 21 189097081334174 4 254214892245483 60 254554995473709 4 253299138010609 21 263804220973907 58 297728215767295 21 241579602139932 4 262393103414387 21 230584214354862 95 318762218008779 60 173923576632475 58 324916457335627 58 190320049830509 58 208010631380304 21 235256496942559 4 291127280675734 58 300848274230684 4 272537745472449 21 208881193995319 58 134566326722525 4 237199668911031 4 381542625061178 58 289806945329645 95 68340903536452 58 364307588100863 58 396753408382665 4 286964773024469 95 256134179336537 4 261374048653585 58 170392623431149 58 190421633446791 95 298163789977673 58 193053720884350 58 145155607817185 60 176875229110875 95 261443130111632 95 202865345903114 58
3 41
3863788478439308 35 3945089463629200 98 3993332615399844 68
157746745891427 40 367587064159777 88 272806897988802 48 296709813582968 83 320216515982614 58 336332722354615 67 306188302416965 77 354441652680465 19 288691855319007 2 345566211100386 33 230769534526164 9 268867044696047 35 297018875332933 15 238664773701658 62 361465872570742 28 150655195768088 91 130796285569614 24 219209817239539 8 415597811951656 6 253775019230987 59 389300043670219 75 221654867372396 12 263119559312786 97 206833029437879 85 311643126659674 79 396227994147969 53 322583703572359 95 133114635339628 81 52546054290150 3 199103607656808 66 198500358548456 42 264972210359976 80 422746018452441 55 230359773874942 68 412506943103055 56 391788788233953 73 352374111411880 14 402920404571584 21 155828080825676 18 386115493438122 7 315389900076033 13
3 54
4368701260582870 57 4370661293987835 69 4426598979535051 57
231491119997353 69 187705939148072 69 291336114643636 57 249442547612864 69 229344001219206 57 283087991784257 57 246705372723602 69 263826893107663 69 245596870407244 69 259913646540110 69 302153024683895 57 217043612095475 57 262849084605344 69 213737376084301 57 232985804900015 69 247422829461341 69 270114477878479 57 249127698125467 69 262923545249336 57 274503212800957 69 205447570170227 69 223603137796438 57 216311487777171 57 305064897611334 57 254570956737724 57 244109181752469 57 240164637155522 69 256180205137623 57 230412459555576 69 242046639241927 57 247814160629926 69 272698730429832 69 286948840890616 57 258427724545096 69 283159277745612 69 303778664391150 57 308979860842399 69 202959876861476 57 236681217534134 69 303723419932117 57 241669226744259 69 226882835383660 69 242813478374003 57 236120820487039 57 273112963936903 57 239640864359424 69 238406043283709 69 217802311675181 57 199625452034152 57 272569614783251 57 250286828942278 57 239340871606768 69 288223550032435 57 187306020916486 57
3 51
4356808655208322 17 4402385738950385 56 4362194068942576 53
272115296430514 53 248522343533269 56 254297438520302 53 242630860194561 53 265353479761168 10 240884387384849 53 231988759191599 59 271569772668837 17 262613338973495 53 252866412125026 53 261447372374520 53 248738473496354 56 250790061075854 10 251914884585056 56 257433868523788 10 251535012314198 17 253813004665914 10 245123952280557 10 273186952848276 53 248116483662882 17 276089810658720 17 254370909160905 53 239798914369616 53 223329693372588 53 264342712432238 56 252317087973137 59 235410531689664 59 256315177243081 17 245262509216391 53 282625377286856 17 242789994220579 53 268513877225571 53 272003748287888 53 273977867259954 59 283744328242981 59 271823658664412 53 255241558674400 59 251270059345884 59 233874244633860 59 235672369853509 53 248996982290589 53 247036694429354 59 237335296493412 10 260560009520827 17 249299156040101 53 237977906943865 17 245108880955162 53 253528779830835 10 271291863798571 56 245564161847721 59 247018923952832 53
3 92
467292616943994 90 452014163862471 10 460012474059193 95
1 49 42659206555072 13 15104871136168 5 1 90 17447423628930 55 1 54 22324815682998 94 39207294067902 89 23978478120066 31 33554512834138 95 25021246190897 16 20633206127732 93 35172519334228 85 2715678941990 28 38454698924164 48 1 19 6545151838699 18 21655538793386 34 24652855017559 7 55649730362364 17 28545708855144 83 25399716693593 41 23089642604368 11 14966127726705 23 38058599898729 78 38683836121111 88 15739031770664 79 1 77 25265960545995 35 13023223971790 10 18136409254564 97 1013832506385 63 25618436496176 100 42826530966772 43 14886412686802 4 2695598412163 27 4793558181639 56 30163228480230 84 3380260164051 57 16633416757952 20 10030274935460 45 16433661109038 51 27220229414533 72 1 29 12234674465152 62 1 69 6050427056720 46 15213728847722 98 12462317545663 86 15566887803601 75 9783368061148 37 1 87 19566507914021 82 7138175175537 66 28821789787168 3 13485220551248 8 29205308701227 70 9762675204012 15 17656263439976 73 27470298270059 85 4984472930135 15 3736734040256 84 4222302752702 88 28638023610528 28 21302748410530 89 4052391029785 75 23143693721018 62 19777965177571 17 14515323431078 83 5818013541507 95 1 72 10942027596231 73 2547080595649 82 21605543957531 51 17103114412055 54 28255801688166 63 8909536740105 41 31464727414191 94 28662386909898 16 8768948151365 31 8829134144980 66 15742568324786 93 22992653218414 43 18242589645262 29 12415621297144 7 2547291833078 77 6649343203001 49 21406318640181 45 14395603794398 13 19209847599756 37 32235967771498 8 1 18
3 46
4025312900618931 58 4008586031504764 96 4070068285552723 58
283336568538974 96 283454726030482 96 221410488299609 96 248218699655173 96 231083367969562 96 261479996810588 58 268716446210824 96 318355680837269 58 269655588379271 96 231564008414273 58 307288013684261 96 294715292563267 58 319781053534745 58 264356637940882 96 280832871196556 58 232145039298668 58 337418704017275 58 206086828730070 96 224145594099686 96 310571557042852 96 291976214573814 96 217320475944273 58 251219381593797 96 261271403936353 58 275448310994539 96 241808682288363 58 251813639808323 96 276232539640055 58 284078508321208 58 224096032693672 58 350038743778556 58 309468148799956 58 268558166437381 96 202576349240700 58 287266554249991 96 242469052195865 58 267621446448378 96 190370678552650 96 346900821548619 96 212257720922263 58 281121627938900 58 265523396751260 58 243104191493156 58 235055962885213 58 225325510791589 58 283539936624119 96
3 49
2997504842623220 24 3034928018538930 24 3022110442977036 73
182534773503879 24 196188023456450 24 225128242075970 85 157779074794952 24 158001783939410 73 235887646689168 73 137452280721397 53 164571900498564 73 221764565198617 24 218387248238567 85 184916200711842 78 171223383743002 73 171620686175482 85 176510243328567 85 208165091788358 24 202097961883094 73 193526992115406 24 178475214929523 24 217834981040483 24 166396073977926 73 169936515219222 24 227331240661752 85 229696071069770 53 205532694167300 73 147915679693639 24 248690762508196 73 182412112962297 78 201481900935417 24 171860763968942 85 254492718692616 73 157186489751261 24 202154097208552 24 190136293581160 24 197766849936701 85 129231581022867 73 235897669250529 85 187839529304733 78 191052763548709 24 106323487230613 73 199693711166975 78 151690477529700 53 175564321062809 24 191177686573575 73 207188216185001 24 200277242587975 73 200507807793378 24 169154070866374 24 139733278624804 24 228543078606861 78
3 16
637391366223420 78 520763216624213 8 579935314436486 4
107308350798739 85 90014178616889 7 24817608012517 8 107550226564848 50 183027643557104 48 53940700623316 72 59507829614215 70 158774727529307 97 85101265111075 75 116393007958780 78 50333034911858 4 123627123713726 71 120168687770284 78 109501498674595 8 87283662197659 48 135192357882512 85
3 87
5344748190825053 66 5364886816994376 24 5317474608470467 66
206849060412458 66 193565485846369 66 165016068374539 24 228051415096750 24 148775463557799 24 164461409412476 24 194135626082311 24 174852417224703 24 154632756247251 24 172802138093968 24 136901367004751 66 171906123302347 66 184096892014726 66 224702100463847 66 194737035994251 66 145706502159173 24 178807781751856 24 163472175588202 24 171136243636493 24 194784441135958 66 196917791524592 24 146928123851915 66 193080165030966 66 222206526702996 24 181982469679889 66 171166079958751 66 219013450207242 66 188084625004325 66 218849382530801 24 209909300032245 66 150355270279242 24 213868607546576 66 196251204681843 24 227550973720014 24 211071508023508 24 146505703388160 24 228996618942113 24 179283162918952 24 274436321143685 66 222390416507147 66 157571401579890 24 208394522656130 24 172086464892810 24 197849977682416 66 163735172375017 24 147397053393018 24 181103370291669 66 191782669558892 66 190553002850879 66 159785917914370 66 214931960047945 24 214616366336960 66 180576191112465 66 204161167608712 66 198429612337509 24 163427083885401 66 192428961249817 24 164285531788961 24 223116258580912 24 195441158614868 66 186722672731710 66 162046706427177 24 158630272007400 24 186608405819587 24 187436182299905 66 161372866690281 66 191753012698009 24 177545436750616 24 211745989621463 24 136970229389886 24 146548623844586 66 189682584616494 66 167323699416241 66 123069963773649 24 185801911341551 66 247069075719887 24 221598617432685 24 151635235404094 66 190677170410932 24 115801940435267 24 165495387196429 66 199173643174864 66 167217178833154 24 207243001918457 66 163719634989629 66 216121243102739 24 189417823723668 24
3 7
535488859122425 41 620277802108835 90 564021247526768 82
313135135706667 21 388078336789626 41 268811125549465 82 171890657823040 90 252989632767854 82 207077804255473 82 242256468143445 41
3 52
3676155521249273 56 3463338508363068 37 3668835571342599 98
150310444203786 68 135059511854758 95 281481936225286 88 181014254856570 77 202520401213093 11 268491630974097 75 296363177229105 58 256598855636997 94 314593741925329 83 135940779471978 76 215101415787378 98 136813651036003 2 356954664411400 61 89767002480012 65 205028697909232 80 318990876338039 51 235570771420268 47 202928175773012 18 370288909017852 85 112195271994706 37 127318399985797 56 175442111498002 24 219675381606908 82 264204560952674 48 318504272972426 16 136423405902435 44 32116270874184 45 257565975794038 31 220177204333130 81 107584003140711 14 71792621434767 67 159393079169542 46 307282334998023 42 153506889182493 72 107761571866103 12 227672726652960 23 198280798770815 6 210971540067792 91 132060107986502 73 281387977448319 9 193646080545316 62 167425154380266 96 170128582600028 13 255147204827117 52 290417156585059 36 190579424636159 71 248717578038662 90 308184827068719 38 158858201271786 27 396193670338484 21 363231558761468 84 238985109435924 40
3 15
752979769918108 12 861347321184055 90 757923558154025 12
144862149379530 90 71225101843093 90 148889694371809 12 189433135798189 12 186273084117859 90 146992382125668 90 166083702927420 12 235467639532474 90 205906920817376 90 93304085273568 12 205243851752727 90 262095229367668 12 113012349693524 90 182032998809788 90 110280073582152 90
3 54
1103348290934064 12 1079168941031633 52 1236047906764244 72
126596077871371 24 78727806863915 42 80357029552617 72 56415895119661 42 16993245602214 42 1 52 44631482193573 24 34525053597579 52 66016732474691 42 41666367114286 52 74158243796731 42 1 52 23825255937753 42 121982249370196 52 1 72 19667202555398 42 1 12 28645611952105 52 1 52 12023750836767 52 58841589508637 52 139080229749936 42 97312608931363 72 12784277476746 42 76982568067118 42 1 24 67353149115494 52 97606263666171 42 69812155639164 42 29673138314083 24 258962557887862 52 112758119812813 42 37227437037193 52 90928949179778 52 1 12 1 24 3443243818287 52 183217416196825 72 1 72 123852104490912 52 3964475822971 24 129377377227058 72 1 72 117883810464429 42 8370979890268 52 125612376248169 42 91182901582980 72 74526316944348 24 124529276617139 42 126939859760716 42 53189712941051 52 27116575489872 42 59612714472527 42 86106725658178 42
3 60
3594228149125103 42 3572683936117932 50 3587071721086720 95
127844925829168 15 172309222444515 43 162176101689493 95 48726150073790 42 217539906668867 57 427409791180792 50 177506579524959 65 316685365462605 77 71912160471295 69 243585317000295 41 176281202832268 53 242817994229323 2 236033853120032 92 53655585711031 54 159317241187630 82 158351489813111 78 140090364479768 89 135363350428994 43 207752391287530 78 375999339831476 57 290384772545453 15 196431559675481 82 94706378861702 42 438752735710230 95 10900566614705 77 77058986311484 54 130565488987025 50 154535331794527 69 153617881554907 89 124397039570897 53 197506991528534 65 161673660653387 41 351399795928640 92 266637504716442 2 114934612245065 54 210535968641415 92 280523105369540 95 40480864187748 50 307627857763020 77 123421915096832 43 1 41 335167460483817 89 252271121479055 15 1 82 129274235265109 78 142079621971825 53 167018303244375 69 179361656757209 65 131724799411825 2 248942895946599 42 224832191888673 57 129539093390373 89 101724371223370 42 205586024278271 57 106554885333795 43 199908276827374 2 228652416605714 54 154591071625275 50 106029118048405 95 194333619307245 53
3 21
1971413329322175 5 1874510712599447 98 1947711903621017 5
230637708563493 98 215388500362832 5 228882101991438 98 209655315005845 98 323605058474378 5 287880783028171 98 209107341885726 98 298500329951775 5 317028370947831 98 305812171145439 98 418721246151783 5 358238530514125 98 272119971553263 5 259269512031296 98 270574792646473 98 297411363162650 5 267793627343464 98 289688223456647 98 205699094798504 5 231196508158628 98 313020892233618 98
3 47
3593319636861014 6 3629928872833982 38 3622559390320642 36
222698353508299 36 218764362601005 6 184419566213491 56 209259962247771 56 208270720981408 36 223169634891846 6 228009808882095 36 218443915731074 36 247657543449982 36 219879480327271 6 202442051193827 6 244703913666236 36 237863182255989 81 227776094998777 36 211414346414755 36 247206934457026 6 212265148676457 6 218751035530842 6 227286642570370 36 245782055571809 38 229368067772726 6 214473864495846 36 195031141270092 6 229301287970744 6 223474434408668 81 227395653236222 56 233480933049507 36 217059623700183 6 268064195980704 36 278235431867505 6 225385364170427 56 206581105706215 81 215079828521869 56 207650903030323 36 219159515395977 81 198399377374830 36 238247711662696 36 237882962953114 81 238715869714654 36 236020441255371 6 210792423612223 36 216485239709600 6 255032175017474 36 247114899348829 6 227582041879575 38 223805487408488 56 228674099866370 81
3 59
116343367890729 76 128098060009625 74 110325608764354 22
1 11 1 4 38299461294750 88 38030103892338 22 1 76 1 74 28990263402467 85 1599594796392 85 35008915482845 76 1 4 75338060533718 11 38951668091224 22 62010927712825 88 61685130437361 74 34845026654858 11 1 85 16235479453560 22 1431075944563 76 1 4 32010491063841 74 1 88 38299741101703 85 3927617005274 22 1 4 60098720523822 11 45593472790798 74 24343082658688 76 1 88 1 11 1 85 7900214797210 4 1 22 10081576272570 76 26246263003535 88 50355858078599 74 14719812894708 88 1 76 1 11 1 74 35330204997056 85 20969379967008 4 74938836247455 22 76923762917971 85 40285256647269 11 1 74 1 88 67781265007774 22 73380367116450 76 15722487376165 4 73743537911462 85 1 11 19910995585612 88 1 76 21940824034921 74 92433862356017 22 8244545863 4 1 88 21895573168596 22 41640586268886 74
3 44
4389074366106119 23 4182258900627802 47 4316426634972224 23
233308806449445 23 168652361174993 23 291355792390324 23 411472419751701 47 444637953412484 47 266725771445648 47 353871295573496 23 182006624660482 23 353217209941009 23 312784021378160 47 241584750757145 23 298732577857171 47 292182184485827 23 248052510879148 47 337552582769077 47 212489208932615 23 386942330852761 23 337904176236508 23 302124436857939 23 423822556263087 23 197150193403895 23 261391354465919 23 317493242094178 23 293440158599645 47 245369005254007 23 321266369142381 47 352003246851729 23 242054569691779 23 218201817003476 47 322938670535125 47 311007583030212 23 289240369561352 47 178879345908429 47 433482471221283 23 222368107007797 23 419920511278024 47 276033599960725 23 148868661471706 23 238166115640383 47 333842544485344 23 293128426046594 23 236282606954681 23 424919578716959 23 200183685194659 23
3 17
830509783697490 74 726416315546630 74 792208389044465 34
55417057990807 80 137055638005547 34 89129598490917 74 197690755254641 28 259436649982284 28 73318121702706 34 97691087036690 28 11627638404288 28 70079639792043 28 48454321858194 28 200121607677695 34 118514478966023 28 203021214201621 28 66844477094345 54 60559014828563 80 79876811118333 80 117491640394796 34
3 76
5351414585025653 33 5356764221652357 40 5442492408833619 22
260992643066229 65 151105648251657 1 151984158765065 87 118637700668805 91 175422516850619 90 119268029020970 68 104582365108239 63 299042181089433 23 205600270087324 12 172872929403492 26 114989901907660 34 155957465618208 46 194424025813022 40 271896406966142 62 140848219656224 33 299763597397216 15 214468239000859 78 242679293735386 86 162522258671917 22 184368592572778 47 292661878558587 78 256520379388786 90 228403523241174 87 168720530008151 65 281698068918179 34 220067211035330 1 270471394048499 33 204226229616837 26 116654430212878 68 189188568508935 23 288874355407134 15 278361265596344 46 77343063954567 47 311767410668968 62 245978929943506 12 239083740959845 22 179318501065793 91 248070889039855 86 182703863733978 63 343972880288011 40 199793344881650 15 84906921611214 33 125225163348815 91 182987961565669 68 165338134457159 40 211832720803130 62 105853768363862 22 215387072917896 46 308322375056254 1 283769947324173 86 226158839997575 23 224332174449338 65 234593919462075 34 196371520770908 90 320602442196777 78 305005234811772 12 227974123699338 26 197011173679574 87 245925168810353 47 227294844379583 63 245107173598380 15 117412647773066 46 264834344644188 26 137229642470126 40 290087029156560 90 212762013686419 47 273728114270452 65 209582862697654 34 282905932586379 23 207090651751617 1 145009257102120 63 167757827922965 12 254197984818576 91 170650809867625 68 396455103150729 22 285956314772486 87
3 91
1162203269362994 56 1171790069348257 86 1160837522485003 56
35902325701468 56 41640594189158 56 54918985024201 86 44592583740872 56 48969799413636 56 39525709885444 56 36947812251236 56 23475016647801 86 42066495707030 86 46327021279699 56 34268257611749 56 46022269039987 86 48159214944871 56 46085049365075 56 31959148492301 56 28596938000167 56 36381549382766 86 48208729620178 56 44682602816989 56 38333604175121 86 25425105684545 56 34742972302622 56 23820651579381 56 50542758295431 86 41001835801387 56 45853743587287 86 27583495605897 56 44979689741554 56 38188882232832 56 44297419443365 56 16535511740838 56 48011245046982 56 43977635384352 86 49401766245251 86 37038118284286 86 43139666491038 86 49701200455845 86 47733326982832 56 36289322279127 56 48752310824260 56 48209952597573 56 49237878699707 56 41175453742154 56 38482330808754 56 28086565927559 56 32842841679461 56 45164851485435 86 41056596823009 56 36552250816967 86 37629565352446 56 40769768372047 86 48068393644954 56 46200496941389 86 25807567938596 86 36992776837209 56 39447706105813 56 46482080941861 56 33726334796932 56 44318059180089 56 44832367365686 86 34356289534489 56 32567859847363 56 50574849575170 56 32455267043324 56 48465025404596 86 36458522376040 56 44087240573543 86 49661610278971 56 43817657921354 56 44311197833828 56 44090182282373 56 33992227563698 56 40353126295554 56 45873841941472 56 32746958758860 56 37724139572888 56 43782022720734 86 47854589737555 56 42496187336027 56 42599769636401 86 36717957142723 86 46772274640459 86 30263010113028 86 39424222575255 56 46520580636642 56 36250357287620 86 39010090191453 56 22706772540285 86 26345880271673 86 53699836567949 86 40130486662472 86
3 24
692698386940510 77 708801675804927 71 713028978387553 20
102007076967732 77 106068652081523 77 81843069517958 99 70364565639936 71 56058279620827 71 88028176789565 63 57292355565636 99 28276184974147 77 60959984704698 63 81765880187931 71 128087509303503 63 87287685388718 77 160634620901529 77 82252450992899 99 98983932872424 71 109788212620788 77 146462478968416 71 119026418459161 99 75424675129364 63 122043022711105 63 148521029442995 71 131083401340728 71 128233278104608 63 109865756378457 99
3 87
2638760391934029 10 2649184787669014 20 2647272342759823 5
96292140057179 21 59024022539350 58 65421408052224 18 103591365191722 84 113050051623472 44 115850001582054 7 88697639825418 28 103949972466962 9 80615669775165 29 99698511108865 39 95372725003789 97 107390477895167 65 89197732154002 37 89255600614546 26 100001447769506 12 70423746792933 60 89635317118511 92 97608296498317 81 114667158179122 63 97186297928298 35 60711694752128 51 65129045174051 31 90095422199550 79 89586221953587 86 87783994038706 96 94992272537719 16 100241752882535 61 84169128912657 50 96994472367877 66 84364127361114 78 86922897443220 20 98123696783915 100 104924917661987 91 100957329758920 34 123206356410569 83 85638603326568 74 121877042137406 82 105342397206543 14 74415649265511 42 82910951175930 80 65006909073766 59 98866501526346 75 80108342461191 70 100076181829880 54 79610391109395 10 85359357359788 53 104998878345240 98 89749982920645 36 94060077834095 94 59126673308341 62 100900169136419 90 92045854115726 76 85041313287731 52 103416494065431 45 95662424050860 87 93227140276330 69 52432071093315 56 103365898291533 46 88176085164777 38 106134692484485 68 97948515312157 30 69746231969083 5 91908490336489 6 82862830321592 77 76308724366255 15 131394423458516 19 82886020010723 47 79110409981257 93 95690873688937 57 117003655806974 85 129656137218282 1 93026364960906 95 93155471754284 11 106944088325083 25 88976646737277 67 64126702839730 49 95902464124561 71 76772872789866 40 74058289239577 8 29959181823323 73 87666328256207 97 102981146598232 81 87834800029460 58 77618473487537 78 95192306411361 60 67996784537315 34 75993567317880 76
3 57
4668080219989842 79 4584445419672200 100 4607967356226506 79
183796564193972 100 295938676036455 100 84072447428908 79 197921335560552 100 151995185574844 100 473826382608443 100 249478650074885 79 432084111356166 79 389001150818291 100 331478297477729 100 294452064300798 100 113201199499114 100 329122533270123 79 387891453163838 100 1 100 420112100385216 100 144179540262523 79 271814265179329 79 266926585535168 79 181325680248102 100 301462873110936 100 160821888998668 100 245083323592036 100 240510704080263 100 348122914856469 100 197956579285214 100 345701678743395 100 285211778675118 100 330074577868448 100 223378460212158 100 299716765917550 100 265611956407688 100 310199338290068 79 483336620456883 79 193298570945773 100 502791827070474 79 100578632217501 79 172257123192169 79 240011498889809 100 301051046785705 100 394701880148939 100 192946680334585 100 232644727378175 100 222630110918056 100 286927176681491 100 74334456973007 79 239629330729060 100 369202474091306 100 123021661882994 100 460084014114879 100 181152600857416 79 210244592476637 100 446070820479974 100 350071428724252 79 283111002925282 100 191775481473384 79 254034099055694 100
3 92
863843212381378 86 899552047356973 86 896461205651122 79
48901774012135 46 38005769129242 86 59027085610723 53 1 46 41101035535393 79 16928545657868 53 86705120061865 86 31881201836447 79 19804008195916 86 1 79 25655856962082 46 1 79 38724050351273 86 38267511706974 34 74772459859991 86 24844881258283 46 1408771177790 79 51706604793888 34 19994374190241 86 22620771143421 34 5048457189073 46 36586732709764 46 9160199391287 86 3148000842581 86 1 46 95495482524623 86 65386923512058 79 35551222703454 86 1 86 37370581311844 46 106713374716131 79 38950294485949 46 92656856963465 86 20231864390672 86 43850891303376 86 1 46 54981853677102 86 10282052126148 86 18622413023462 79 49143732440155 86 60789225837942 79 24797063926774 86 37629460896520 86 56141888850181 86 10821950361476 34 36725314724562 46 1 86 1 34 46518908385038 46 27899775412640 46 5139477924128 46 18028415132026 86 1 53 55851770623209 79 61870445938997 46 30310769013604 86 66327323319246 79 15171294149727 34 93174162277714 46 30820434026972 86 80054056721172 53 88924701105071 79 66057465040405 46 62859458814451 86 37847387389282 46 37784189299211 79 1 79 48570741211248 86 56708562761257 86 23215949038710 46 1 79 44219486470612 46 30959472630191 46 44884997704604 86 1 46 43215929644980 46 79107882434955 34 46014133426310 53 34052860721365 79 39685344401494 46 11964472886265 53 52468235898627 86 1 86 41918054719417 86 32503911825997 86 38557285473418 34 38403073149361 86 1 34 39648155022521 79 61954666410230 86 27373457318590 79 40760222794530 34
3 55
3853362754280952 69 3850123062055488 72 3843322824531893 100
211500870143298 16 203824667038065 12 214257325114362 5 205108374247764 48 204511196720479 40 207886601986549 30 197329821698457 89 205408792886905 43 207814715674007 44 214531266473729 93 213674410407551 33 212494268623240 64 201635856794576 36 219691784474959 59 207047003158702 61 207385026410590 39 202107627334018 58 212973904004958 34 214317175908787 11 209091898160485 80 206711574210468 100 205409382648171 69 204724899951390 9 208962962762976 86 212018146057343 60 202979156273899 25 206391634724609 8 206862451601813 47 203617200944417 38 206720884806393 75 210021321584251 72 205779651057550 74 200477638006450 54 214433374624553 70 215414783030985 18 207005389496462 70 204033980422622 60 204783337204478 25 200991897489960 8 214162178856461 43 205686977401997 30 206929397092314 34 204441693663005 44 212614894083405 69 214503702169316 80 208257210951413 58 212696515438785 5 210229415862719 59 213225380126667 16 211160904587805 33 203142228350194 64 212024946091920 18 209157343036975 48 211117889046380 40 207934607107537 36
3 8
303534755230994 55 348952044247240 58 312239193574018 55
138444571453129 55 72546505465433 55 130389812686487 55 115452085960809 55 106527396889552 58 125211311201956 58 120693328615090 58 129550615335802 55
3 68
3922602436110116 11 3959329339384860 50 3962592132680107 50
193590420641907 50 144357839366970 11 163087559699481 11 190026884182980 50 183071052897956 11 179562052156169 11 180454933450105 37 173768678623515 48 136301146423348 48 168763411827368 11 174495620418470 48 163316563849779 11 155569523519574 37 154755845834886 11 192342177032719 37 170096490022517 11 166726184118361 11 206721887784708 50 180901126443144 19 159246278375418 37 137548639195296 37 158391504185024 11 140542836097864 50 188240693974345 50 180033150746250 50 156792223628938 11 224909759230062 48 159244344148673 37 191269736736290 37 185921637875409 11 177481837845459 50 155597367554703 11 168969620068632 37 145018226787566 50 166806573754816 11 191553239354839 11 176084651470068 19 163045989588956 50 192484378966717 11 172044820328840 11 170359643513636 50 185996027541186 50 208420310820161 48 195434135285861 48 152798495064987 37 167299225060756 11 186547591376033 48 180948346218031 48 198431457105375 50 212205232526068 19 190642423268974 48 166351161799948 37 168257561433638 48 174848423500651 11 200781458192368 19 194463432554861 11 163531897686148 48 166504619307100 11 178648589222262 11 170317220045397 37 191056555612352 48 191947817251462 50 170231047282411 11 188223664048636 11 194765094006898 37 194371099078294 37 161447025719621 11 193187161989225 11
3 31
390917233788671 65 444998271076961 76 441443234955180 59
1 76 1 59 104297179022918 39 166490749533010 50 106850648788437 52 1 100 57013571212790 32 1 45 1 57 112731129288323 73 156282744867545 7 7288376321529 62 24505106376400 41 78251123629524 74 166663254015170 65 1 69 136851406516085 93 11537229971056 10 267513235343717 75 28962784375325 48 1 66 29433068165040 41 154036762189801 48 62468851985976 32 1 57 1 75 117523935306944 50 31089576907340 62 44279258237221 76 147381021633672 74 27708634355159 39
3 52
4934132664898630 20 5002555399623894 62 4947017207612630 20
279877534168975 20 228515064611459 62 284489338966149 20 330144178583934 62 353478574751250 20 295362976451816 62 262017746836046 62 323296516855703 62 283051766755887 62 358990633916561 62 315859782730029 20 223359988232767 20 282206322034576 20 348930060874892 20 313529560946596 62 270723155778146 20 320018887259726 62 303729270309097 62 283654342808147 62 293214973514763 20 276397932325226 20 322301953075349 62 277371660696250 20 277316287732112 20 317774763838101 20 314827512653289 62 281199011264673 20 307225564752407 20 304459138678327 20 239303511315278 20 291321739173240 62 322078878701401 20 288345965134875 62 283945543291385 62 314546371726251 62 266380031285978 62 253115737863341 20 322206879069997 20 271501894926950 62 276175393654224 20 280286789755095 62 269962058169923 20 270875689611306 62 277617800016107 20 261631608495469 20 243924336913775 62 286128735126888 62 260582012226955 62 286453546221581 62 295959004038025 62 272467922422875 20 312760612525716 20
3 69
732260652851655 86 677273025329300 86 629242906925654 8
12762931208626 86 1060180426142 86 1 8 1 58 68662992798015 8 121328334542161 8 87452981792246 85 12103143129468 58 53727939827637 86 1 85 1 8 50008482035463 72 1 86 38291520630268 8 1 58 1 8 94145724300048 58 1 72 1 8 37951778172375 86 1 8 53255633272503 58 55550982521234 72 81699179636820 58 1 86 104945644411783 86 35827631008819 85 104761802591880 8 13736512515112 8 24369536068085 8 179586195506551 8 49652811811448 58 1 8 658971931986 8 1 8 25139963830567 86 1 58 88468766713029 8 49798520986221 58 33636207454091 58 1 8 95359743352509 8 34743968670371 8 91782251142663 58 1 85 7960246810604 8 1 86 1 58 28358858579053 8 71313456065607 86 1 86 23275783111101 86 66028363590302 85 1 58 1 86 7365923901478 8 7602947340795 8 1 86 249386149611892 72 97738387868316 8 76603488521281 86 75248260405894 58 1 86 69181629929173 58 41772104842903 8 1 58 100486145320246 85 91458867509566 58 16315040407325 8
3 43
420179621159202 79 372081941583448 17 402821686989803 82
49330822601707 1 62445271398685 31 1 17 79944569333993 59 1 84 58074528996162 91 76825226858087 61 76684472527174 85 105509702666348 36 2366023919964 79 1 47 27062099662154 71 38713565430070 45 5322077454207 23 60193068973359 49 56215086037865 76 13523500473977 87 3769761969939 75 90904268688265 98 23442481944807 65 1 53 1077874232717 8 62599749587787 99 76589276401580 40 48048642780521 57 2006387284977 94 1 63 99533587327489 19 29788015417347 20 1 100 6049369137305 14 50418419642759 15 23863781070664 29 31992161943076 32 46276528441511 50 1 62 27169928510182 96 46967612466208 3 53207587345109 55 44554364267931 44 39995468156759 95 73836525849221 18 1 92
3 52
3577201282433765 59 3601738990935405 89 3597249899071841 59
186275027686208 89 138198503666961 89 223915311314762 59 242060173515845 59 257731886006182 89 198583813641197 89 204287984617572 59 171220227790754 59 184187040278617 59 99990727837107 59 189484157487440 59 228319221855020 89 106998808786705 89 249031560624027 59 231483540086002 89 240473848678598 59 269910806372642 59 163599969384203 89 241686680091515 59 217509243272449 59 292408337479852 59 257338995041143 59 226210333070569 59 157273557710898 89 156146333771750 59 233772559160999 59 190767526640002 89 229868333430118 59 170074852211844 59 218187748988720 59 204877679361644 59 341126282914056 89 186453732097065 89 213913775672872 89 246597311479208 89 217675632406620 89 248170830522383 59 275758259268820 89 195907606942644 59 195872015649719 89 276827988692042 59 211983118542965 89 181233209912759 89 141631039181699 89 259677315085219 89 233356493268341 59 221078520182021 59 261378390218669 59 226916341658424 59 208232803689889 59 169382700418226 59 142720634262845 89
3 18
461538886507365 13 557990347634364 53 626178032981813 13
126379114600132 41 42855767633968 41 5790492853011 13 104664705758947 41 87428685068627 81 221088960098088 41 213082440369701 53 135502252740524 13 153311035588435 53 78938818832600 41 70504091521422 13 138174155426886 53 100455995648496 53 173951724868001 13 170015634256683 41 35175215225384 41 165797432797521 53 68444024768746 82
3 21
21198783490985 49 17054098764004 40 15119188527018 50
1 57 1 96 1 38 1 5 16437585250571 23 1 69 1 12 2448012482550 71 1 100 4816929089272 97 1 67 23459763988372 25 13365695649908 35 1 48 33975227873387 21 19375979871584 58 3168563358539 27 37899454313897 98 12249881438885 33 60261733470871 75 21357072096394 55
3 9
742437921976150 97 784480461103307 13 849259802166161 97
303845863557215 97 225875708632851 97 218634125190435 97 270009712968971 97 132645967929269 13 165492060012805 97 187530211305167 13 216412766151612 13 319468095278661 97
3 24
1894460771228195 34 1890654792394727 27 1893315640957547 34
237448781009413 43 235359318845799 27 234950927911147 34 238299015676049 43 237373922210185 34 238117639091526 5 233893272843581 34 234784742289821 27 237316756747511 34 234777440873805 25 235910250647383 43 234317728476508 43 239562377713621 43 234736367732440 34 237215786334933 27 235944421396882 43 237552765510197 43 235773194922226 43 234935566050460 43 234139006775818 34 236610885522116 43 237780814534688 43 236427716954227 43 238506898744868 43
3 88
2674389838846728 42 2752100960076602 53 2574356720687288 45
168810810160779 26 33944069373195 96 149214315724113 66 136826701077338 97 101137011397085 53 29623603314775 20 1 18 125608554146050 39 133030496948365 36 116735927488912 33 218925833929180 41 109094402499616 93 36797821016422 72 40869346537337 25 121058974462771 67 89676018504053 9 81654741482689 21 139997614255286 10 1 88 144853752096277 64 2693788607763 71 145654418830108 45 156630790863944 28 143289905951814 14 1 75 96097424250964 30 1 90 17977209294076 42 82133007729777 54 87078477177619 87 107667686049170 76 66101547961807 29 80595488170949 49 25374620555785 32 288172480488745 55 62472744783552 2 32783339103230 98 196175693844610 19 1 79 136096880815072 89 94257732194654 8 105696520854735 71 111875172169032 93 21383649053799 98 79113835132390 30 129397105276034 64 1 33 213647500997744 21 66335690740413 67 68243092786200 26 73850433342034 87 50682752988950 2 90077071960777 96 30947172653569 20 97615602108892 25 80888857738128 32 48891314235266 8 57674817746767 42 1 76 1 53 1613534334444 19 144696913504672 41 85344735106756 72 107047643013333 55 136944979803975 10 85282465894472 54 65142517898826 14 143881704100076 97 38186372691908 75 190514424952344 36 58394487270776 89 49116402119389 88 94291710490857 49 37047323276811 45 1 66 1 28 48712881913580 9 57018798685339 90 64058711918517 29 144773397976070 39 123530596188822 18 38538051140697 79 1 39 150005279367682 67 88729463522659 71 192736987014157 41 25829471199610 20 181376395543395 10
3 6
611645011609304 71 590344292618404 28 534030480813331 71
250274373736209 28 418036458703118 71 175689287468236 71 339128668559138 28 253256182988008 28 151373433968437 28
3 32
1784767673867867 54 1782114044013279 54 1612220863687391 54
302301431705741 21 313553638996082 21 152173367478796 21 205418749458490 3 94190352084416 3 1 54 416678961488298 3 156038671248968 3 228764782420566 3 179044796362178 67 1 3 206479125959994 67 239662685275729 3 158488741940909 3 163684971509840 21 280691139030597 54 206415541331470 54 138052591626019 54 165957139581174 54 285620181067611 3 164916516597588 3 126691040047325 54 223100268030358 3 275851297526690 3 169253212137185 54 70955291845898 54 151230718105011 3 255608260579611 54 233052190052872 54 25312854424065 54 166252516860464 3 1 54
3 24
307458903798522 12 294418020912322 19 378614263465821 83
14306948966729 64 15394968545556 25 1 20 52115318668421 28 9929680031543 78 44849476821134 16 9309586042443 21 1 71 135246664680310 83 2224700690533 61 138158770005551 96 23687701123755 18 44038242506630 6 245031528642658 36 88828750823791 80 39915744906608 63 22086139518506 12 97874043051811 14 97414095846861 74 95745902156558 4 45996792093252 66 112382955832390 11 41328474662024 15 27862083166750 1
3 95
5524197173242592 35 5507222521097994 50 5505241154362757 35
167772860030010 35 173090745932931 35 181954122058674 35 174503058516411 50 176334182526617 50 179067483197856 50 189002737570690 50 181667346769201 50 161900079431618 50 162856106369297 50 185032519931525 35 184221332711871 50 170596393545163 50 162760526193222 50 174238634209310 50 174061913477375 35 170263625677711 50 169176719214004 50 189104499185531 50 173279792649946 35 171538707464728 50 175582811304741 50 157878623291536 50 164504615151355 35 180346681410836 35 172914884040952 50 196480313038243 50 175243647808163 35 178693364166998 35 175474654739952 35 179540301510486 50 181006625554483 35 198271205352532 35 187760965333781 35 204092592471960 50 154954950594782 35 163464859491778 35 192763913839096 35 168244107337275 35 173567179544620 35 166031961882432 35 179179786116301 50 173550150540062 35 197363604352801 50 173553826361608 50 192586046586967 50 176121711378248 50 164203055934724 50 184523184167412 50 191239332999156 50 170553637144332 50 186027346284630 50 184786420260925 50 164193407865998 50 190986342376276 35 155903290315498 50 173839460790564 50 178056869418403 50 170957396175565 35 195726758285103 50 169477662486143 35 160241205660243 35 178209160531932 50 173334007666429 50 184173202775198 50 170631812883733 50 176239338612674 35 166848937030543 50 182818656371180 50 179904383161772 50 160480966591301 50 173287430535036 50 181341503348826 50 166874058613378 50 183193841587687 35 182222592869994 35 181213663548437 35 201009278152138 35 181244544296246 50 160179345507823 50 187414112790039 35 172197087330216 50 178743885623911 35 181578385331486 50 158994942653500 50 163631676492148 50 183427813428966 35 178475312459532 35 179386496132709 35 178209208544483 50 177901035313206 50 166571349368497 35 191003305079311 50 167824403618044 50 158393377246225 35
3 26
1308293273430853 64 1320193620348022 96 1312690309886108 43
163752860696272 43 156672795847756 96 154117247366644 11 156023435580850 64 142224545379229 96 141696656522280 96 149553384651868 64 149632340224876 96 158029279573557 96 148750861203366 96 142988303732742 43 148442757133857 64 151780667022582 64 151817713689052 11 151047193040510 11 145899560022430 13 159368704981961 64 165433943395332 43 145345535834992 64 146527617668465 64 143526615288922 11 154450582207016 96 150817131422630 96 152724867128727 13 154002287642361 11 151399932951371 96
3 68
3199579412593050 17 3199453581555246 43 3164704628839049 11
91016733060775 35 120141768903599 39 165844276221728 54 139515515326921 8 162160386276625 66 143956500755604 78 124407881465970 7 161470619440770 96 148197665356273 14 123007996998892 61 143893147018563 26 181070084144691 53 162476150232741 15 153673230065646 92 141278494341116 95 144705621496958 81 162891030017142 83 122522632173760 17 141947725319818 21 147820047354489 44 157503120897949 77 148146500171909 22 167496504117602 52 110384622498342 85 136706362518721 93 123209324555006 2 140787618967144 47 118525455686644 62 142470203601862 45 150205242114142 41 149334401329842 32 166029655498971 3 111732029462331 4 131380321559643 100 134309919645139 80 169659804418329 74 186976602170318 51 142817398108805 49 134606447182996 63 149442668948097 43 164364348381577 57 149029641128136 1 151150133251840 91 117373859794333 13 159379145803194 24 128742304802878 68 166676687028276 86 138514156980086 37 129550424803639 12 163400696389193 73 141359215861774 99 138037126092687 98 143549891106436 16 150014124486959 23 110773946033540 75 170688574947798 46 126167360844137 97 153798400976597 18 126559744420807 59 160436825625128 65 136744585122047 28 130307901372974 40 138615996140746 11 145368862020712 93 144526768993869 98 125137183025659 81 136394842467647 92 149896774636277 46
3 17
1071517921989244 52 1121574540048041 76 1122577479960141 52
209640238989951 76 195240263390801 76 174407183917481 76 184847959490586 76 214516424267248 76 172625491989901 76 197518760099650 76 139404602611872 76 174790754142113 52 224597903159810 52 204802544350491 76 163193478325391 52 184160237861418 76 203622528317139 76 219746012653031 52 202302489085610 76 134450068567687 76
3 93
8687953764696970 3 8948371033905669 49 8825837542248328 49
249936619512163 83 347834077317283 83 381677192854673 96 229818077591027 96 318666674005802 49 282873542681707 83 326436891483330 96 395975526001350 96 324498777091371 96 353330655225087 3 263331224237345 83 454706905270776 96 308982602864520 83 361849109099386 83 314984855164290 4 434830929741106 83 417032525787971 83 360481048309049 4 271663643361126 83 356448976339557 96 327025217850501 4 279818257527674 3 249848427339394 4 318074897590098 96 330936780721719 96 154965344097521 83 268155748535835 3 255412562455303 83 286030806626099 3 272226417435593 3 269146124697331 3 151129138662782 83 193401710891728 96 314954540454212 49 167706590446722 4 323609436432994 83 342074918407121 83 200049640717618 4 299965927873326 83 230322888228652 49 427303952690218 96 230758100821038 83 268905667427328 83 313096776192366 49 230031178053790 83 254065758849384 96 218601535637743 4 373778208792218 83 203518850107018 49 293827812635976 83 276613023581117 83 329081663670953 83 210030673155167 49 283067849061926 83 319689274671008 83 288881716570801 83 334641661291220 83 188365128272565 3 229654680308883 4 339654729428472 49 219048335183168 83 366277175968080 96 289687650234648 49 260592840524563 49 300246995114044 83 257352471724382 49 293298707812353 96 311577757527503 4 162126920016113 49 252010982655974 4 248926208245096 3 304801011057650 49 333114362401035 96 346312200059066 96 287300723984539 83 379119193823597 96 227909635763779 49 263575226296421 3 242578374217805 3 128855357298420 49 243712914561596 83 298554105206422 3 342466059795468 83 394497855119371 96 395821002896212 96 367457876827386 49 258311513314779 3 132748972057144 96 234932573940325 96 253743567855122 3 288610775363935 83 131344900921512 3 300503662131537 96
3 11
38660827741766 72 83801479751579 37 73397829379666 94
26819433825613 99 1161748147930 5 1 17 48944236183349 76 1 89 1 26 11578174308527 93 7066331993885 6 34052285775579 78 19630403099549 4 1 20
3 21
1729944921034459 16 1747079202205737 3 1745784756410249 16
242714355038093 16 255772282665094 3 243884557710784 3 246367472855697 16 248151968663037 3 259351485146252 3 247279894331178 16 257992972648400 3 240887776163390 16 254688573396554 16 244392020611274 3 237080346234851 3 250695174366617 16 253404570523967 16 246548438129741 16 251579292606029 16 250574994764673 16 249658121980449 16 244243964717683 16 248960445014052 16 254819602211877 16
3 21
1152246106408223 34 994669736274576 34 1185152145959151 56
63351699820030 99 183398127181640 15 192020839587626 15 247500197446587 15 205798257625382 56 219727716123189 24 178882916845010 56 248066721147060 15 157706853974543 24 188576409143255 99 180309882675008 34 228425108585692 24 95726039027314 56 180127761884328 56 187352779119754 15 306487010475123 15 142600358018489 99 208693202590375 24 160556430674089 99 250695774357273 15 198898703994333 99
3 67
2762862933867016 91 2788361625566762 28 2724864725582136 57
167610776766763 91 151775463622945 73 117471793684326 63 184783053692494 57 128952144843214 28 73454757508405 63 178721534971053 73 44710282457158 28 86087990137759 91 144715338947230 57 231314621137342 63 125786128775548 91 198755308212341 73 34581103318747 57 148653187714962 28 105086213604282 57 116544176002591 91 99253305395146 28 102655115672560 73 79154615673218 63 170470380332737 28 70295602195299 57 72702753442473 73 160228262909462 91 144429855640778 63 161672138343930 28 114870541329219 73 145871994902075 91 165950580575868 63 124019240639801 57 217594566081305 73 173184962915670 63 204446463708414 28 98798752667619 91 157366420384326 57 38597072033537 57 146833413125068 28 148624711744980 73 159900819348198 91 236587577008055 63 70810864029716 28 81740766277314 57 126239795693754 63 3035346196894 91 235001083210916 73 154689541487405 63 159496767802414 73 193947454677892 91 54462154407766 28 128544447490787 57 124626283444085 57 132013786022326 28 109774799050838 91 92399061818475 63 207350428952577 73 109861202821817 57 155655777602457 91 140932617856419 73 93021721913077 28 138621929142831 63 152789524215989 28 190344973791101 91 139907684372334 63 88959835236420 57 114483962520651 73 230558379979948 63 90663204401616 73
3 38
154732123708277 53 225621618291535 16 193755157870126 53
40406160288440 53 19191497894738 16 52822618686695 16 56693331111153 53 1 53 1 16 50197934985678 16 109260711828857 16 1 16 18357706382296 53 1 16 1 53 1 53 34723582438140 53 28142965670822 53 6738268194525 53 30986531854025 16 1 16 1 53 79098121482006 53 21587196821456 16 47024709952273 16 21838166898073 16 64164693493796 16 1 53 112548124568664 16 5800859890248 53 28777391353937 16 1 16 1 53 12200865943323 16 54829849399600 53 56905263636734 16 1 16 62746100374577 53 109671446290688 16 1 16 1 53
3 26
1962877206481929 10 1987043347426135 40 1931738879022637 84
312256934952537 40 279775026824889 83 183615617055490 84 181046517663913 99 293080223385110 40 304145132204521 40 230932852936449 40 199796580033482 40 188909333201619 10 197627878123809 84 176163504486811 83 221031420410822 40 231611396640580 84 239891510593790 40 192863686243750 83 200580650125984 40 142059173951226 83 257162431773383 83 182341282972587 84 289218826822851 40 293298269946922 40 141131663674736 40 296174473907528 99 246513751418542 99 229207173593152 40 261904508178474 84
3 80
1914350473506524 13 1757650865305463 25 1956958540994801 95
1 15 1 64 19222028230262 98 86954847504895 92 1 21 8284397278263 58 45892329128876 25 111887933230573 49 1 13 51431704374334 12 121366606236814 80 98459667281002 77 63833266319054 5 24382677258245 7 133179644800102 95 174962165546639 18 43029750657433 28 136113917959064 84 33501012304030 49 169654844318694 21 115008680892859 77 1 18 48507303396558 28 187842681826790 15 106901327754851 95 109285287642971 98 82454004207040 80 141331855604618 5 76563449640908 12 100724315379271 64 1 92 1 84 44106858111696 13 124416091968682 58 1 7 41218279109418 25 35699475829753 49 56394276142805 92 1 77 49868182084737 13 89502073098238 58 110922208975498 64 6087207325945 18 30655316889895 7 79647877349229 80 89818543828578 5 8037445001158 12 4846130751121 95 94508891873748 21 89987229017451 28 12907210342116 15 19408884214701 98 67057586782674 84 115201746527924 25 35327351658677 18 19840769537229 25 1 12 18745869147639 77 121687202147272 98 105537137027903 58 84102675218916 80 142769066243676 64 1 7 74413060847353 95 108991218699050 13 32201040267666 92 5582942877473 49 89233082771458 84 71330861737408 15 1 28 110648980422663 5 32950624294288 21 74059542931185 25 65320461914758 15 148901264774584 77 112751408615733 5 115059304291210 21 102032834398130 49 1 28 128148459214794 18
3 23
479747176784686 16 517857366758992 23 482422277334110 16
12691045232985 23 88515661149215 23 115333949988301 16 48469433375429 16 22632651979302 16 67810824835664 23 108032795452405 23 96177944840380 23 59042186198435 23 111166311208699 23 57387384746601 23 87412282398285 16 48529849306541 23 69874905096525 23 59473949135652 23 52718841281959 16 41444876798441 23 76106014651121 23 58325883053907 16 137375243986097 23 120656805434387 16 89743704702714 23 1 23
3 26
761401286896417 47 755165820828431 47 762320363578464 23
19667381367592 47 48198952837023 28 165799612218768 23 182653156656265 47 117440063227289 47 93810790762335 61 35836359341545 28 111560776577447 47 116262306228500 28 53753088717909 100 122671483483422 47 1 61 80923840566031 47 108555705652002 100 48288719438700 47 125815987363695 28 127234990104776 47 153826341461704 61 118440486825691 28 85814285700225 23 142168461643573 61 150037784632515 28 23068606439778 100 90975944934245 47 111113224717666 23 99129138726946 23
3 73
3946429145329987 48 3989085264677342 28 4084939753077779 53
71711416248034 16 201058457852413 28 156762796546760 26 167217930900104 47 154585129698863 48 126267705116069 53 212893309008491 88 176946901659500 81 204509821366106 75 72385484568858 77 213030336000206 42 232772538272597 29 131953287322380 62 118823152894743 34 186345930508062 19 80678197742453 10 124344239041665 7 260346821244026 36 108204403488033 39 162321689100533 13 98789076473350 97 191402487242831 3 28083398868992 69 99665833937587 91 128029224009910 99 142447513490219 51 252347173838573 41 165722390419557 59 100493232236167 4 120803045845267 71 198955646059698 32 169916252877484 35 176903718556145 60 275426816945313 61 191866769677194 92 217947012301708 88 281605490379291 48 145269872470814 36 187888498952627 29 217390541394317 69 232900318141170 34 210790347590297 4 179413352272789 91 268417003319765 51 156817890923542 16 108747483336754 42 195085371495349 99 214532957582438 13 232300562469416 75 149941189329504 97 187918577996739 81 100737862279474 19 149695466923184 61 221642547935621 26 245779472798040 28 191502400068657 10 142187794458488 7 101689855398914 53 170805164853982 47 179339776385287 41 73735395494042 71 92250711713450 39 159540407519670 32 186037578681142 59 200587833037094 77 149083017685814 62 274449854241363 3 133650867564754 60 179394264091394 92 126159335453460 35 96586263238318 26 143909000338999 10 151286574284398 48
3 32
619710872649409 11 631376994126543 88 576238239052919 11
21555408342857 88 53219009513133 88 71443835193010 11 52532974203529 88 121918097920008 88 11871847475678 88 62183821687824 88 17449576756061 88 75868879324595 88 84745649405242 88 41661336130765 88 44420416616378 11 71410707188166 88 1 11 55792531854643 88 74964575852963 88 43401658112109 88 95072491040308 88 8040276810202 88 40487533239866 88 33909924203892 88 67584926440465 88 55066167170303 88 61525468069518 88 23938254134485 88 67582783149993 88 62064123675433 88 48590721166417 88 17493897388912 88 114174806038565 88 113177104358775 88 26028477622653 88
3 25
2480627006723123 92 2475738240264105 23 2512486145968775 31
246011474655044 23 303483127612490 56 308955036854000 92 259226874080715 23 278924260049283 92 369687027915693 23 284882486882000 46 269670036526966 31 257850380097313 31 311467743046078 56 288807562614326 23 225107005138799 23 286426193147827 92 309041000017866 31 338088243113857 46 279636643160105 92 346805595858720 56 301170733114137 31 282988858762396 56 319165346637913 31 255815053489695 92 348873553574026 23 264936273366387 23 293836666532805 23 303247841960514 92
3 74
2125417368344624 29 2098095970571664 18 2162132685619656 12
151672325929442 95 263347141507883 18 82728809603400 71 208606835344691 37 49688072749521 36 1 69 101810882369459 90 92712766095899 57 69742328335022 75 166958759056567 66 82930676516568 32 129418259734033 54 89311109706458 60 1 61 306168001243564 62 230675110245076 45 217027850730403 16 127471894363607 23 170937738829101 8 219585479498192 49 56747583551535 48 58104070553644 64 200134003437050 28 1 42 47181886814099 3 99143034798100 15 148279803025750 68 1 97 44160975200852 88 82561721570061 33 33789274672930 84 281717691173560 72 1 46 110138407258832 98 298999321865510 94 100449661288619 5 37173641129915 87 1 9 1 83 133725503067588 65 1 30 139514415264274 44 97071808669304 58 25757745091621 2 1 12 1 43 163647948333121 70 1 59 112604879646837 17 76654716159495 38 100326547603382 24 172298386342172 91 79697496927728 1 111865116659166 27 1 51 1 47 208344242694506 4 137930548718761 40 3181472587054 100 152581186965052 50 176470768060220 55 210500422484858 63 104367607311227 21 1 25 160170993464626 77 67124416727914 79 93765268730342 99 54808378372631 89 109366382078784 86 215362410796925 53 83162477908382 29 1 85 249051857315821 81 83129621572157 82
3 75
1586193643575301 6 1479572277214735 46 1604306032122888 6
74434245550436 6 58529160244571 6 47403568912392 6 127797974031797 6 73736007377590 6 141712048428632 6 185049006161163 6 116315813966168 6 103273166163361 6 43828752119454 6 7727310176121 6 1 6 104120758055986 6 30099111783964 6 45758104191957 6 102708750429219 6 1 6 83847193226402 6 107382585408576 6 119138784361974 6 6883347951876 6 115241319811189 6 118275517497298 6 152307373802604 6 65728379764323 6 1 6 25674377966385 6 105099347370724 6 136586411463342 6 80441140893916 6 11611500665419 46 60963774338694 6 1 6 148620393426952 6 31096332747910 6 1 6 152271833004829 6 37336087186546 6 46478413630992 6 25851745928622 6 116500666774746 6 1 6 1 6 13145998623505 6 242998843470335 6 14617099401287 6 20972508951163 6 15777715333996 6 155850347372057 6 250160756207435 6 37833489640901 6 107036557615548 6 25303208746612 6 131120962582781 6 16364684325570 6 1 6 1 6 42785862392406 6 78947842449066 6 114171917782651 6 1 6 42004633875788 6 11727916571343 6 89337662824886 6 62798295732173 6 1 6 1 6 47140691309785 6 128758856165282 6 106328775344294 6 1 6 1 6 28441803472091 6 14381679461948 6 148030803759141 6
3 40
1355525990528560 57 1348885980120561 57 1301452568585160 57
114227412977555 83 129738766338593 57 76825679566160 57 111836864827427 57 116302268026679 57 107238227375040 57 120320382679579 45 132617888384495 3 126737613262804 10 58576857284096 10 162803859387987 57 59663919370169 3 61270847542087 57 108909688258819 10 51965526486073 10 86606314069485 3 135839617341105 3 79147298538272 57 101101288324086 45 87931338763468 83 120920010623327 10 98168898734402 10 92412577989847 83 177325114048188 10 121101564001435 10 128299709583797 3 146675730740532 57 128631048931576 57 8749233123783 57 119659754895532 3 144383877484694 10 109709242572584 10 102822283037949 10 98297881619330 57 24664950411245 10 70961193131745 83 133574036150999 3 147633204689052 10 28782333057704 45 113374281605156 57
3 7
554908659070721 69 555641756924356 54 575612061849464 1
293619883632323 18 281215345565023 78 226279878988274 27 312464719944261 92 282791853702749 35 248504062900928 32 335607064294669 59
3 64
3866662786071159 84 3857214646685420 71 3841856073530611 84
197523874211305 71 174535497684459 84 172419122647414 71 181169085181487 71 188343475047593 71 166725679981952 71 172735029245245 71 179902382711395 71 187449537348454 71 183663889567987 71 180809836738772 71 169622697457774 71 170035270638481 71 185398831351705 84 192561536787358 84 200815691859373 71 190295452023156 84 181172101170295 84 158048845447236 84 188046887557119 71 174699330508066 71 174640118833872 71 181111721286398 84 189656459158691 84 171952926483111 84 181034906231695 71 174597260144323 84 197138861162867 71 194364242279231 71 175741888544957 71 176998760180060 71 193582202757504 84 177676625178196 71 173104819406868 84 189517649415375 71 181661351620760 71 186415020436718 71 163584319328024 84 190326834669692 71 167337344608841 84 174384319289036 84 168373176287182 71 184901391054070 84 186416009282639 71 164238067477207 71 185478087645398 84 171324073190877 71 187678636478733 71 188899726277712 71 177871244049735 71 191152771562515 71 181664417134736 71 185709709710544 84 171064500735813 84 195463247792168 71 182074261007377 71 180663632049748 71 182880193825800 71 188410561922235 71 183496218654987 84 173058086732834 71 179859235471028 71 192320438108922 71 187645245220460 71
3 24
918114370627722 93 881131440479301 73 962112211151293 43
140890556598625 93 125661657803266 73 117286347807026 83 71492096181926 83 146697270522931 31 38379088020467 93 42445632327983 83 78212967300316 83 26304277634657 83 74313362199693 43 140399716079353 43 85614083028928 43 31161423588846 43 181308575306887 83 91847346127175 83 1 43 69859702203546 83 62016416100728 83 77223650342937 93 194796319972382 43 110504024146048 43 164647190630662 73 122282527599814 83 159706904493103 93
3 85
1763497539577313 95 1772776157332681 74 1761678362790950 35
96779421433984 95 1 34 75733056666738 81 120593974748380 50 38783502478906 55 1 9 50726775596131 3 110742584039662 49 172010418093542 68 40712371707541 4 112779644481014 60 111770206612903 66 167561512737094 31 88644505837690 42 27190525802908 18 155481602698608 64 77207268977399 43 168646229115815 32 11402575572968 90 78572398509951 26 58492467430334 99 44572114490417 44 67099620656581 57 22899588866647 93 188338821132368 97 1 74 156184448039392 82 55686241451898 88 74683496114818 35 1 37 23895425459612 5 138315840238853 75 80409484625487 51 51074934214446 40 10664419010540 69 170985969374454 71 1 41 76687943120044 56 1 12 53868581355011 80 50440983927517 65 35086967239164 45 107269511369130 11 69365635165456 91 1 86 114513601912617 46 43054960727745 58 8420666313549 94 113242158296441 79 35322904958464 70 64290884555697 92 33471419080878 22 160624361326844 16 255504381740030 67 77896442470804 29 45469167558298 61 40545875697685 10 51890121449796 37 17037019154585 91 45622030976626 41 133216533681777 65 1 43 121579410185335 70 138270351528935 9 76543218402310 90 102602946791462 18 209775566269619 88 19441738759379 5 103366965112678 11 140512826922727 93 192212088805039 71 114593305159046 97 62671859703531 16 1 94 1 67 32235746113132 75 201811699273212 34 73541098453683 46 89623655735808 51 88613876647929 4 160574299747742 10 41130245460269 92 74413252310239 69 59628164037320 3 54035410776835 32
3 73
3432828915308128 15 3456328069202143 6 3232645841464545 15
215416108547259 6 239519784294774 6 274900954044176 15 234044344819880 15 146220415622857 15 169500803328368 15 206652881749407 6 185500125028055 6 174574894558291 15 105918070078937 15 141141188422181 15 165179225778715 6 103438515957175 15 283514798991666 15 211745676699213 15 49944675797697 15 108526784887109 6 103932254973779 6 33413776341307 15 1 6 235074980042281 6 121410767428113 6 170567857564750 15 301716426966766 15 179716821439602 6 212762221304173 6 157373220933986 15 148721490060973 15 165581814810031 15 191795359176065 15 130275990348812 15 166584645788946 15 156814698546918 6 146932032564893 15 156884143504795 15 308257099650170 6 61204653392590 15 253016803800799 6 62036616827098 6 90028249000532 15 259710950910972 15 346682913639470 15 93978383406809 6 71081492260483 6 170434335788091 6 90017239835280 15 104585010029922 15 41754983489434 15 87569850806731 15 112421955155257 15 68309952907902 15 111477855091496 15 1 15 39243311834850 6 215904012648469 6 48983937156479 6 65636574282853 6 189966562066719 15 211970530254594 6 227491886164558 15 14735482964164 6 568116102970 6 123056253830913 6 70309219898570 15 73554054083955 15 155139145025907 6 195267485152729 15 254025424343960 6 155107957576204 15 276176194504694 15 92488280718003 15 15141404249569 15 26369968225093 6
3 81
3574968731473505 41 3667773949823260 34 3630064346712744 1
102607851518866 1 125811175170061 34 1 1 169286013341104 1 143457173415970 99 26270642360366 99 210568855309591 34 147828495888906 64 213159528482480 1 1 1 93852514593609 99 181338925063764 99 54125765857766 1 1 1 112746972338210 1 1 99 65900522776009 1 109641865478730 1 49058405176411 34 113219522078623 1 1 1 94903467991477 34 131604927129810 64 167592450011956 1 37598231158999 34 24817006183711 64 150283584736531 1 185531201610590 41 268340264883598 64 274723123442840 41 184459092152089 34 140337142101550 41 240155799599955 1 52743134316338 34 162715696738993 41 81334471439898 1 124215899551749 41 366898216887074 1 162364884285166 34 76660591486393 99 105346301332110 41 213709970655519 99 45398070056274 1 59408816452464 1 90570279735961 34 19037265914537 34 69660134829573 1 229821710467286 1 164564525149250 41 1 34 150029242794759 1 238705944493228 1 121738111888659 64 1 34 75225138073110 64 183992323055789 1 90414281573819 99 113802154421866 1 131651928640424 99 223236148752739 1 216957860951668 34 215017431494394 34 28083299787836 41 301886351109232 34 160191192377505 34 52329289869856 1 90890930049136 34 173269092736577 1 1 1 105878924435168 41 39836684043754 34 261865969188961 99 233206058833816 34 1 1 209661652506121 1 146804213797892 34 128666819587342 34 221629154551685 34 157368433535444 1 164498210056937 1 150436085319555 99
3 80
5791494904686713 26 5821330426267665 71 5801592054999245 92
199749572788553 71 214725810709445 72 210309894752376 87 218656800046898 92 225787437482784 19 201224522965135 9 242332637723227 91 231078652807121 65 229839958811487 73 213769815651199 93 199041924600045 6 251480815687909 20 256747404829318 57 212030351261512 1 204485299041194 49 228394624448664 58 196937652602842 55 201765400195326 69 223699128671541 23 231321044296481 5 207560255235386 26 204089718673396 91 215751028801112 69 203707116007717 71 227132021140962 1 218686899188308 49 217718442828999 87 216191808244803 23 215689633570520 9 219977039129335 26 249642294481282 93 217890207473634 72 202093550530237 92 264772310445088 65 251068615749535 6 175447082551637 58 224402011624839 55 233477613412652 19 235709288684890 5 215142236244568 20 213017083426235 73 215521101476873 57 219604266084676 20 232528783382465 58 242371387049458 23 232899993193148 1 208733391140626 49 219684226802807 91 248516497491017 26 207023027302327 19 204814425642334 71 230557938455900 65 209257914351770 72 203117997457862 93 180783048478599 9 201573801196116 69 216253040749731 57 168439698033397 6 240791996540485 92 213347621926500 5 206084697740518 73 191197777021294 55 234222087902772 87 194626918765971 92 187714280497814 6 189337094194818 72 226695729762019 93 225755554889955 87 203469467211366 9 228614043684260 49 231688201893490 20 263262467847621 26 216058938205123 55 216779894348442 58 199862110588724 71 222565514096926 91 252678738614937 19 244597540646369 65 225531494428940 5 196411716620305 1
3 62
364317175935634 12 200721500627101 79 394045388020768 12
1 79 181408127162886 12 1 12 1 79 309147229870176 79 1 79 1 12 33762156727352 12 70734937640490 12 3378965509804 79 62539925400872 79 1 79 1 12 1 12 160774397820432 79 1 12 1 79 2397264742500 12 1 79 21529877153754 12 1 79 72739569670019 79 79999456276725 12 1 79 1 12 42094144456067 79 1 79 1 79 1 79 1 79 1 79 56783555335024 79 33466557007724 12 169620869482559 12 36727228023905 79 46064614864654 79 1 79 115519460406709 79 12674223454537 79 1 79 1 12 98026050226612 79 75366804578461 79 187344285536106 79 1 79 6853087895981 79 5293759170788 12 1 79 95020043048095 79 193668042800167 79 1 12 103436823613490 79 1 79 105717371225725 79 71891888292103 12 56661115160337 79 165486458694147 79 1 79 58357417149510 79 151488553050933 12 184811282161975 12 255836394356524 12
3 37
3799702407647579 6 3705712860139264 43 3647167500968115 6
337174361993557 67 312266753362596 43 361265616502867 6 334989078957684 67 244718758516933 43 327861184456247 43 196886327045376 6 389421436632040 67 289848895851083 43 284801269412087 6 300175564049272 43 290568387002684 43 277083240843401 89 275243011294845 67 363321256405246 43 265858547121687 43 320721940315513 43 272625037191963 43 398997012081956 67 362062791476715 43 215694975113025 43 204665059399603 43 380105163659777 6 263056755457990 6 289647925154845 43 312581257975874 67 390355183918402 9 418838841258863 43 259763789066942 9 316260905282188 67 271132129688663 6 218914511218124 9 335282627102646 6 250313393033282 43 407760814162950 6 359266728903818 43 275678203534730 9
3 44
1293281582017359 75 1294601069648062 30 1294104854039768 97
100027354289720 9 79434952743375 65 89975297132046 83 89285228619848 39 91142822015955 58 81432267893492 76 83845457124981 42 92660770331861 48 82191290119791 31 90380286825210 85 94897661991576 20 84356533064430 71 88378035811287 77 83610094772296 59 92425337266680 80 91364594421167 97 89717494498400 30 92632915142533 15 81179503643378 41 88486188277737 33 93985389706015 46 87566150069847 2 85523182347424 18 92475000600418 75 86747461937462 3 92732344211655 14 96474312287826 54 88387803981737 19 84459305445614 24 86757353849146 53 89579467329586 1 87702374428441 49 86686742169680 5 81099471315479 51 89076501173292 38 87605303225660 36 88582885099678 16 83452161168348 86 87758346130876 95 87654322610874 62 88191089312307 78 88542411958885 89 85139592667059 44 86319202163126 57
3 3
263207491933546 59 255847730975243 51 259530146442081 59
252330162345804 51 256101209689725 51 253961971167200 59
3 5
270261358664420 4 353946199459493 4 314971927932239 55
227870877116036 4 145809627648253 31 169986949830170 90 123708446613551 55 199419087642782 4
3 69
3869063292595289 48 3876130133262951 61 3878796754343743 34
181174130785635 51 173609504526817 90 152920367655228 21 183605581198081 100 163628681145238 1 167956577006087 35 156425381742658 57 159067576349951 22 160778498095021 80 175688964659687 36 180477917895939 4 163349812523427 50 185943762695858 33 162824344922978 34 166430487978642 8 154574798614011 93 154318741264029 31 185406625083139 14 173829929762923 26 165899647646846 53 166348276040637 91 167249339894122 45 173631767967604 2 180953816461999 9 176724756355123 46 163841428637905 20 174194840516573 74 178359139353478 40 160034700014871 68 177243789305744 29 174490683143754 30 159044604953373 28 177241277537844 60 178480018889078 55 169377017721173 62 177356427251278 12 170608601518702 42 186052179175636 79 165329551166755 94 175896944376695 61 158369398714325 15 174742269280971 83 163934245775334 32 174311254302033 16 172204604349627 48 165326988740635 64 164957076914136 81 172961543956991 63 178392663291266 85 158467771615648 5 158327913626643 13 181654516140230 17 179333631283238 70 163657340263482 78 176754004166661 66 171760070057445 65 182865935026364 37 150185099977598 82 159377957005350 69 159194597071799 84 180532663888188 43 160344793289602 27 166522715365809 38 164776971187632 19 183922307349199 3 158617954642666 10 191089065017286 75 168660093204233 58 177976008677278 77
3 31
1013287660840235 80 959311007034224 59 990449771123154 80
95813183460368 80 97533118512487 59 93400648182906 59 83711065432216 59 102896356731330 80 82069181625798 59 94582814322092 80 76865467270961 80 107507698250062 80 93443861296900 80 99958216322522 59 118849480526823 80 81069849937235 80 96004337078213 80 99157562020618 80 92816541193789 80 69966756996868 80 88444622653598 80 124283492606835 80 83796982038193 80 86524441658919 80 103715819501896 80 103692798663601 59 80640068275282 80 78491792741176 80 78252252299609 59 115586039530035 80 84012094137329 59 88693807679840 80 81151739265381 80 94296426986904 80
3 99
4015715694858020 69 4023812492299528 39 3930580364376100 69
104275388565517 16 80496187666401 16 110112382204221 16 122806630611046 16 68709869938281 16 208008581459251 69 165402394230914 39 205041077877010 16 87890102264104 39 129529020726162 76 83539902952756 16 168806851162366 20 60529302337462 39 80700449291045 20 134315781943272 39 130788707663279 76 110522521361990 16 145806626823483 20 126797982416575 20 227453724862555 39 102658586928412 16 173637267723754 16 92459043667878 69 21723503313118 69 188777751471717 39 194539104711557 69 186942271215934 39 102300921180994 69 112413784380281 69 128131822634615 39 94040274073184 16 156447638474860 20 104301529257249 16 90878999258026 16 167480730900590 39 15815365472660 39 31522263776034 39 125459879588786 16 124372143736047 16 69523347984856 39 132837069895762 69 1 16 106825251952709 39 206256664698455 16 94534010643227 16 166641588541938 39 102507218902119 16 190089816575410 16 98328687098790 39 108692248879493 69 97780480195956 20 153888547660935 16 130372623385051 20 126599746569469 16 190890845541914 16 95669531869361 69 276586905746212 39 213855489385324 16 79954034903461 39 99203883875343 69 49683650568240 20 173124149532350 39 99439048129308 16 296738395207684 39 151547416879411 20 91660538638287 69 22160246779292 39 211751519015039 39 128690520207467 39 180253228353451 69 236431612039023 69 151031956476656 39 91940531032907 16 55991805832709 76 97220210759515 39 90319363880116 69 124622960954793 16 131746422528948 16 59067452179006 16 103680046867967 76 112348006445580 16 126034054772204 16 103237419769653 39 54429461867882 16 101715688836093 20 115606860634813 16 128405153801567 69 1 20 204183139133529 76 41516011783662 76 75400429790395 16 155571518642978 16 109406221387486 20 89263224560304 16 122433936033598 76 33889969500729 16 95672749522967 16 188877742606280 69 117990639651606 76
3 86
4079045191660584 61 4073275589999854 87 4065041274455985 31
149742319509173 30 121517603352989 88 144865567434566 13 139541834294325 16 142115984282111 60 140097717462360 31 138223638700482 61 133520406583860 91 144317711371118 29 149484528771613 36 136280320117032 78 141606310907702 5 144847007572058 93 147826731032737 100 140711390465436 63 143120423292441 21 142355481587827 86 134781934435443 87 142871616296413 26 137772123686954 72 145713046990000 15 140345815592039 51 141971430056861 95 147800496182871 35 148642555970689 76 142945134255757 66 135880803146801 33 139975824587084 37 134006204749334 55 142199027973975 70 134012510936129 42 141938073463463 54 134319304172537 68 141229874082479 53 153073971854957 38 142987462870649 81 145038667563446 45 140279867131020 44 133166022967221 67 135183189688106 79 137642439435339 71 150649652186009 43 138123709640198 50 140710342514647 96 152361836462805 14 141272250074219 49 127001818471803 69 143439959035474 82 144206535863290 86 142769517265486 87 147290874190283 33 135773936334071 53 144467197426465 37 142455670231291 93 140588940048618 88 132076457916438 81 143739076281859 54 142697359090411 35 153434284935393 55 134439411973046 61 138803693444212 79 131825002179905 30 141163782492124 50 136737644596883 21 149117457690956 67 142252078505022 69 148279550202123 29 137354537748064 44 153378547538577 71 152341450186645 91 139945463953302 60 141773139127604 15 146041119576868 14 147749730981320 16 143112335985507 76 145708451824344 66 135152250095676 38 141636556236724 96 138621520555096 51 128442824012198 78 139030566039104 72 137403166173642 43 136482576787576 13 133249112356492 70 146368615777759 68 145106718151704 95
3 18
1379439491143197 12 1338228500494135 93 1303655084170972 12
205100359084044 12 224594476485438 12 144327401771821 12 278826065618366 12 223560395011951 12 239933921193835 93 278975403360701 12 230823588290829 12 254802006371333 12 210603035641194 93 204721772415122 93 220684202424302 93 314108822395856 12 188956227340000 12 271056527817853 12 270347307144574 93 184497060977359 93 241924452750566 12
3 86
3012661821749524 81 2860030795750472 86 2973000016193332 62
25184910303595 11 192246376054845 86 105249825116139 81 166187801880474 11 72084472639020 86 136533969169086 86 1 11 114032241546869 86 85796947817394 62 52875874413274 81 95689621735118 19 13509623965262 11 225624320002076 19 166948779927223 19 116678615509939 19 119127033873221 19 44979058476967 11 99490991058566 86 119705002184404 19 88054051409402 19 110476326517618 11 46934671676830 19 40132924405697 11 135110393875467 81 91640008173288 19 27280605215066 19 99126202599071 19 144911754042437 86 107762624160252 62 130935345003805 86 177808607156553 81 38771352260464 81 169846150995995 81 119298865015737 19 98553784281684 11 134722049930991 81 132842805530444 86 86747450804222 86 188138544529815 19 90405677058958 19 114278291705726 11 112391071591239 19 133413838028497 11 55020455868942 19 124355467134626 81 22775621147453 86 217550185278695 81 199425273978174 86 16044381842447 19 1 19 15445838881327 19 74334875291878 86 202550098304996 19 189757379036372 86 72397745612604 19 161068654683040 11 48911834008182 19 168556738896266 19 174571405691025 86 28238068189412 11 124316615897624 19 71991484413838 19 214656808851555 11 49326500859796 62 93507265447080 19 83744151629498 62 232965434652530 19 47497750060648 81 48758546950109 62 235626513518207 81 70594071017453 19 102627567885610 86 33162530169519 62 125648948749612 81 18246555680874 19 71578911961013 19 181456473818332 86 98651922011666 19 59332705206069 86 62730095509278 11 46515256042340 19 22543923527437 86 39874257302467 86 136554785030881 19 26836184416817 19 169916302868302 19
3 100
8240768384182488 14 8172555788601762 12 8278468079626147 86
240305080051479 59 272309540931718 16 133326748966663 65 311774739614395 80 346702533354904 12 206270536835899 35 223280717221395 71 231295377420426 53 213228852733472 15 315393848502128 86 307983490635453 46 185019969452243 82 318868904843296 28 142750980205084 56 198291982911615 26 296923969274470 74 270797174208461 60 206867535950671 61 235524771109801 8 224095629973243 58 241633023558062 14 258794200122157 58 255430541359904 86 226003918228745 35 208658522084098 71 298176102538602 46 277668696938613 65 235400780199211 16 84950881625359 59 292760017849996 14 294969218979441 74 243397688212569 56 287548727193870 82 290367989083527 26 233034062218131 53 149153170087094 12 322854621310941 8 252970577523073 60 262030747423170 15 310883324251468 80 335230287821251 61 366955695285376 28 229416119422263 61 311551016704802 53 312860316459003 15 142394949216329 58 226416403695913 56 240969222173155 59 314733971377791 60 282287201032041 65 235687302237821 35 175046729362013 12 295702133820488 14 203577906206531 71 310678705674720 16 102749422515273 28 257918460144759 74 305450249382649 86 153972619128666 46 319969867701264 80 295679617925654 8 258023860727549 26 114402935465366 82 125376938759340 12 344915936571529 8 352610506780442 56 348582316939044 35 131404131451965 71 283379055228037 53 126298421199379 65 242101211812084 60 345827219457542 74 233706376406811 46 193903668712004 80 234738739099291 16 370499995268300 28 155935610251087 61 286521822470443 86 268740779623983 26 338894700711067 14 336021877565678 58 190329816865605 15 208383980153658 59 316863613739175 82 413034943833353 60 245798778004583 58 249548957991703 14 206414018051805 26 215130860973182 74 262719337849022 28 212333454919160 86 239962735485261 53 183789526097098 65 231266766718153 35 152721012084722 56 266579297843403 80 170806825989532 46 263597116931088 15 411654440232484 82 172660380043704 16
3 51
4476121926267624 75 4486723193490696 76 4470200595753475 75
270387961686196 76 286447577990882 76 264292602122931 75 244382769269105 75 244860317045089 75 235523327304814 75 263327588853382 75 255015514615587 76 248245172179292 76 262104544889716 75 271258320662822 76 250298074304129 76 276602081413995 76 289179949503191 76 273922854006505 75 268323400188936 75 279724718142053 75 264109859846997 76 252784906122636 76 268334570398271 75 268356695290096 76 244376137048278 75 273100442625238 75 261715081682419 76 242117336606728 75 272863698533284 75 295727282660497 75 289283964496540 76 281020402684336 75 278002033356583 76 261942267636834 76 255098947038380 76 222638383155251 75 243901097752616 75 301859731655166 75 294503632573718 75 255083682152607 76 260327766845132 76 288849668986152 75 255759729315708 76 245128308833827 76 296142189006104 75 248037052493033 75 240310317893057 76 233317702682166 75 271620370361183 76 238018578722109 76 256210520772934 76 265932359069766 75 259380139233721 75 315931334111041 75
3 71
974328636675135 35 965182379347120 41 990618891464161 85
19270699304052 35 26873668027987 41 78347768207533 41 45015503848826 41 51197776439467 86 33104598216439 41 47434928143619 11 16936733207055 41 59237210684060 35 56772754708862 86 19339978369108 85 27767290006801 11 31703773184237 41 59395829039877 41 46653238733210 41 42393730476227 11 18279486689657 41 52204122304268 41 55463986889459 11 22466974118035 11 78391824048654 35 61151967144103 35 76762878662084 41 55444508213443 35 24769269219819 11 35998848251764 85 15240540182272 35 45762035896851 41 48459344739582 35 28005954112477 41 72354185863950 41 31013881692166 41 32263674244994 35 10655883215969 11 69668318868163 41 63043386679988 35 25779842851137 41 35615521871824 35 25326709573303 41 1 41 23374537646405 41 62462466758437 85 48405145389251 11 29031576231332 11 63222127490301 41 3631871472503 41 33642623323810 85 27813035804731 35 49120310979086 35 53117491687596 41 60057701408136 41 37488511979036 35 41804742854971 86 23972593475037 11 30733827659991 41 42004810617082 41 24355194492868 11 43188752087809 41 44814088606812 86 77327285663065 11 82209146543771 85 52074644245050 85 23891076088349 41 70767797606221 11 41713598274238 11 57801551867705 35 54270902410242 86 51412842899124 11 15238566935668 41 32092252874744 35 10993821233160 35
