30
3
3 4
4 10
6 10
9
3
3 4
4 10
7 10
9
2
6 6
10 3
13
2
6 6
10 3
14
99
632726 1000000
1265418 632689
1265420 632688
1265422 632687
1265424 632686
1265426 632685
1265428 632684
1265430 632683
1265432 632682
1265434 632681
1265436 632680
1265438 632679
1265440 632678
1265442 632677
1265444 632676
1265446 632675
1265448 632674
1265450 632673
1265452 632672
1898121 632675
2530796 632675
3163437 632638
3163439 632637
3163441 632636
3163443 632635
3163445 632634
3163447 632633
3163449 632632
3163451 632631
3163453 632630
3163455 632629
3163457 632628
3163459 632627
3163461 632626
3163463 632625
3163465 632624
3163467 632623
3163469 632622
3163471 632621
3796080 632632
4428713 632633
5061312 632596
5061314 632595
5061316 632594
5061318 632593
5061320 632592
5061322 632591
5061324 632590
5061326 632589
5061328 632588
5061330 632587
5061332 632586
5061334 632585
5061336 632584
5061338 632583
5061340 632582
5061342 632581
5061344 632580
5061346 632579
5693917 632587
6326504 632587
6959057 632550
6959059 632549
6959061 632548
6959063 632547
6959065 632546
6959067 632545
6959069 632544
6959071 632543
6959073 632542
6959075 632541
6959077 632540
6959079 632539
6959081 632538
6959083 632537
6959085 632536
6959087 632535
6959089 632534
6959091 632533
7591608 632549
8224157 632549
8856672 632512
8856674 632511
8856676 632510
8856678 632509
8856680 632508
8856682 632507
8856684 632506
8856686 632505
8856688 632504
8856690 632503
8856692 632502
8856694 632501
8856696 632500
8856698 632499
8856700 632498
8856702 632497
8856704 632496
8856706 632495
9489201
99
892052 1000000
1784010 891955
1784012 891954
1784014 891953
1784016 891952
1784018 891951
1784020 891950
1784022 891949
1784024 891948
1784026 891947
1784028 891946
1784030 891945
1784032 891944
1784034 891943
1784036 891942
1784038 891941
1784040 891940
1784042 891939
1784044 891938
1784046 891937
1784048 891936
1784050 891935
1784052 891934
1784054 891933
1784056 891932
1784058 891931
1784060 891930
1784062 891929
1784064 891928
1784066 891927
1784068 891926
1784070 891925
1784072 891924
1784074 891923
1784076 891922
1784078 891921
1784080 891920
1784082 891919
1784084 891918
1784086 891917
1784088 891916
1784090 891915
1784092 891914
1784094 891913
1784096 891912
1784098 891911
1784100 891910
1784102 891909
1784104 891908
2675997 891922
3567920 891923
4459749 891826
4459751 891825
4459753 891824
4459755 891823
4459757 891822
4459759 891821
4459761 891820
4459763 891819
4459765 891818
4459767 891817
4459769 891816
4459771 891815
4459773 891814
4459775 891813
4459777 891812
4459779 891811
4459781 891810
4459783 891809
4459785 891808
4459787 891807
4459789 891806
4459791 891805
4459793 891804
4459795 891803
4459797 891802
4459799 891801
4459801 891800
4459803 891799
4459805 891798
4459807 891797
4459809 891796
4459811 891795
4459813 891794
4459815 891793
4459817 891792
4459819 891791
4459821 891790
4459823 891789
4459825 891788
4459827 891787
4459829 891786
4459831 891785
4459833 891784
4459835 891783
4459837 891782
4459839 891781
4459841 891780
4459843 891779
5351622
3
5 5
7 5
9 5
21
99
10 93
11 75
13 88
15 75
16 97
17 29
18 14
19 72
20 74
30 10
40 10
41 91
42 31
43 68
44 38
45 99
46 34
48 54
49 35
50 10
60 10
61 90
62 38
63 72
64 47
65 97
68 48
69 47
70 12
80 10
90 10
91 36
92 60
95 18
96 64
97 18
98 77
99 98
100 73
110 10
120 10
121 86
122 27
123 17
125 22
127 60
128 81
129 41
130 96
140 10
150 10
153 27
154 14
155 68
156 48
157 25
158 64
159 100
160 30
170 10
180 10
182 40
183 69
184 84
185 16
186 38
187 72
189 64
190 26
200 10
210 10
211 12
212 21
213 21
214 49
216 27
218 40
219 26
220 90
230 10
240 10
241 19
242 41
245 11
246 99
247 99
248 48
249 75
250 47
260 10
270 10
271 65
272 94
274 35
276 23
277 55
278 10
279 37
280 10
290
81
31125 1000000
37095 843700
37860 976779
39057 787165
40814 538965
40947 974672
44667 977110
46925 880386
48961 707295
49027 550713
49192 510350
50531 623033
55254 804913
59870 893476
61125 823851
62245 788616
62250 31122
93372 31122
124494 31122
127870 584080
129406 784521
130315 519213
131606 672675
136135 732419
138400 748803
138703 822043
142964 867882
144559 871091
146970 508660
150224 600069
152048 627022
152698 791893
154928 734530
155247 655830
155588 31091
155590 31090
155592 31089
155594 31088
155596 31087
155598 31086
155600 31085
155602 31084
155604 31083
155606 31082
155608 31081
155610 31080
155612 31079
155614 31078
155616 31077
186681 31088
217770 31089
218770 899497
220641 762241
221995 971986
222719 980687
224544 615117
228563 889491
230493 543049
230914 768430
234438 578318
236408 697344
240927 986151
242074 519688
245439 774669
246418 924182
247532 764542
248831 31058
248833 31057
248835 31056
248837 31055
248839 31054
248841 31053
248843 31052
248845 31051
248847 31050
248849 31049
248851 31048
248853 31047
248855 31046
248857 31045
248859 31044
279903
99
503218 1000000
549071 553366
576585 799426
632545 583575
868114 612875
1233004 364887
1233006 364886
1233008 364885
1233010 364884
1597892 364886
1962778 364886
1999678 657148
2144259 540374
2161946 570385
2293963 664814
2327658 364877
2327660 364876
2327662 364875
2327664 364874
2692537 364875
3057412 364875
3110236 911950
3197346 671595
3198062 917275
3227435 932899
3422281 364866
3422283 364865
3422285 364864
3422287 364863
3787147 364866
4152013 364866
4162041 705648
4180850 659115
4235086 988127
4364550 554899
4577081 212528
4577083 212527
4577085 212526
4577087 212525
4789611 212526
5002137 212526
5115204 511780
5124012 946062
5180557 874990
5186826 528222
5371509 184680
5371511 184679
5371513 184678
5371515 184677
5556192 184677
5740869 184677
5767522 822299
5827262 723258
5868885 746435
5883878 584418
6026881 143000
6026883 142999
6026885 142998
6026887 142997
6169882 142999
6312881 142999
6347733 959598
6412695 959692
6414547 836795
6418798 995744
6455874 142990
6455876 142989
6455878 142988
6455880 142987
6598867 142987
6741854 142987
6785152 660086
6829845 630840
6865911 972082
6882421 863311
7022982 140558
7022984 140557
7022986 140556
7022988 140555
7163543 140555
7304098 140555
7310875 903385
7317173 756575
7423059 603121
7426678 630140
7549252 122571
7549254 122570
7549256 122569
7549258 122568
7671825 122569
7794394 122569
7803800 561249
7844481 548399
7862400 849748
7885406 987846
7916957 122560
7916959 122559
7916961 122558
7916963 122557
8039520
99
10 51
11 13
12 27
14 79
15 83
16 60
17 41
18 29
19 94
20 10
30 10
32 34
33 53
34 76
35 78
36 72
37 80
38 96
40 16
50 10
60 10
61 68
63 14
64 12
66 19
67 90
68 45
69 45
70 51
80 10
90 10
91 82
92 95
93 82
94 11
97 79
98 95
99 59
100 21
110 10
120 10
121 43
123 92
124 78
126 54
127 57
128 74
129 55
130 66
140 10
150 10
151 18
152 75
153 99
154 71
156 37
157 18
159 63
160 85
170 9
180 10
181 92
182 69
183 20
184 10
186 83
188 19
189 16
190 61
200 10
210 10
212 21
213 81
214 92
215 50
216 53
217 66
218 55
220 95
230 10
240 10
241 84
242 82
243 69
244 95
245 25
247 53
249 95
250 91
260 10
270 10
271 78
274 19
275 52
276 97
277 75
278 54
279 38
280 26
290
1
10 25
25
95
362692 1000000
391862 921316
423783 502930
471813 744728
549718 675657
598888 734831
658717 552730
667591 882747
972478 304884
972480 304883
972482 304882
972484 304881
972486 304880
972488 304879
972490 304878
1277363 304883
1582246 304883
1593548 849210
1666953 997487
1685313 671920
1734568 549506
1737116 624748
1782948 715976
1868384 982928
1887117 304868
1887119 304867
1887121 304866
1887123 304865
1887125 304864
1887127 304863
1887129 304862
2191990 304863
2496853 304863
2545289 606000
2555659 645747
2588465 956808
2621814 566300
2686602 678297
2719178 885950
2733766 651777
2970667 236898
2970669 236897
2970671 236896
2970673 236895
2970675 236894
2970677 236893
2970679 236892
3207570 236893
3444463 236893
3461535 565694
3465963 627803
3587853 880471
3595407 758252
3646819 845529
3662357 556666
3677128 914901
3909781 232650
3909783 232649
3909785 232648
3909787 232647
3909789 232646
3909791 232645
3909793 232644
4142436 232645
4375081 232645
4401772 709615
4484332 844700
4486735 987245
4498321 950931
4516268 854375
4524090 702892
4586482 857106
4797871 211386
4797873 211385
4797875 211384
4797877 211383
4797879 211382
4797881 211381
4797883 211380
5009261 211382
5220643 211382
5223199 593368
5223752 570280
5228514 765356
5270130 549257
5312783 658984
5363835 586643
5376529 802130
5532403 155871
5532405 155870
5532407 155869
5532409 155868
5532411 155867
5532413 155866
5532415 155865
5688280
99
706933 1000000
741513 661376
974614 547686
986819 674806
1060252 573453
1125697 702378
1126294 512399
1173493 749616
1283088 792625
1361438 751333
1413850 706914
1413852 706913
1413854 706912
1413856 706911
1413858 706910
1413860 706909
1413862 706908
1413864 706907
1413866 706906
2120764 706914
2827678 706914
2869249 550147
2914301 832842
3008860 705671
3020369 733453
3027692 694746
3071981 677205
3187131 823885
3278736 826363
3322579 942006
3817464 494882
3817466 494881
3817468 494880
3817470 494879
3817472 494878
3817474 494877
3817476 494876
3817478 494875
3817480 494874
4312354 494874
4807228 494874
4900222 880025
4915460 624070
4962630 665519
5011273 791475
5069017 876656
5101399 877596
5175574 508580
5215963 789943
5258208 630223
5709172 450961
5709174 450960
5709176 450959
5709178 450958
5709180 450957
5709182 450956
5709184 450955
5709186 450954
5709188 450953
6160141 450953
6611094 450953
6652643 915846
6691443 837295
6699410 745151
6729940 783104
6761406 763623
6839772 584692
6882703 510901
6894862 819576
7001169 678302
7391228 390056
7391230 390055
7391232 390054
7391234 390053
7391236 390052
7391238 390051
7391240 390050
7391242 390049
7391244 390048
7781291 390049
8171340 390049
8196558 572526
8211744 632264
8236957 935101
8409886 588478
8436868 927552
8472244 834994
8476447 968344
8493733 730334
8555457 646443
8561373 390030
8561375 390029
8561377 390028
8561379 390027
8561381 390026
8561383 390025
8561385 390024
8561387 390023
8561389 390022
8951411
2
10 10
11 10
20
99
79376 1000000
158748 79369
158750 79368
158752 79367
238119 79367
317486 79367
396849 79360
396851 79359
396853 79358
476209 79360
555569 79360
634925 79353
634927 79352
634929 79351
714278 79353
793631 79353
872980 79346
872982 79345
872984 79344
952326 79346
1031672 79346
1111014 79339
1111016 79338
1111018 79337
1190355 79337
1269692 79337
1349025 79330
1349027 79329
1349029 79328
1428355 79330
1507685 79330
1587011 79323
1587013 79322
1587015 79321
1666335 79322
1745657 79322
1824975 79315
1824977 79314
1824979 79313
1904291 79314
1983605 79314
2062915 79307
2062917 79306
2062919 79305
2142222 79307
2221529 79307
2300832 79300
2300834 79299
2300836 79298
2380134 79298
2459432 79298
2538726 79291
2538728 79290
2538730 79289
2618019 79289
2697308 79289
2776593 79282
2776595 79281
2776597 79280
2855877 79280
2935157 79280
3014433 79273
3014435 79272
3014437 79271
3093706 79273
3172979 79273
3252248 79266
3252250 79265
3252252 79264
3331515 79265
3410780 79265
3490041 79258
3490043 79257
3490045 79256
3569299 79258
3648557 79258
3727811 79251
3727813 79250
3727815 79249
3807063 79250
3886313 79250
3965559 79243
3965561 79242
3965563 79241
4044802 79243
4124045 79243
4203284 79236
4203286 79235
4203288 79234
4282522 79234
4361756 79234
4440986 79227
4440988 79226
4440990 79225
4520214 79226
4599440 79226
4678662 79219
4678664 79218
4678666 79217
4757883
4
5 5
8 3
9 4
11 3
14
99
570989 1000000
1141964 570972
1141966 570971
1141968 570970
1141970 570969
1141972 570968
1141974 570967
1141976 570966
1141978 570965
1712936 570972
2283908 570972
2854866 570955
2854868 570954
2854870 570953
2854872 570952
2854874 570951
2854876 570950
2854878 570949
2854880 570948
3425826 570950
3996776 570950
4567712 570933
4567714 570932
4567716 570931
4567718 570930
4567720 570929
4567722 570928
4567724 570927
4567726 570926
5138652 570926
5709578 570926
6280490 570909
6280492 570908
6280494 570907
6280496 570906
6280498 570905
6280500 570904
6280502 570903
6280504 570902
6851403 570905
7422308 570905
7993199 570888
7993201 570887
7993203 570886
7993205 570885
7993207 570884
7993209 570883
7993211 570882
7993213 570881
8564091 570884
9134975 570884
9705845 570867
9705847 570866
9705849 570865
9705851 570864
9705853 570863
9705855 570862
9705857 570861
9705859 570860
10276713 570866
10847579 570866
11418431 570849
11418433 570848
11418435 570847
11418437 570846
11418439 570845
11418441 570844
11418443 570843
11418445 570842
11989281 570848
12560129 570848
13130963 570831
13130965 570830
13130967 570829
13130969 570828
13130971 570827
13130973 570826
13130975 570825
13130977 570824
13701794 570831
14272625 570831
14843442 570814
14843444 570813
14843446 570812
14843448 570811
14843450 570810
14843452 570809
14843454 570808
14843456 570807
15414261 570809
15985070 570809
16555865 570792
16555867 570791
16555869 570790
16555871 570789
16555873 570788
16555875 570787
16555877 570786
16555879 570785
17126664
2
10 1000
100 10
110
2
10 10
11 10
21
23
10 58
11 93
12 30
13 18
14 93
15 73
16 76
17 90
18 29
19 80
20 20
30 10
40 10
41 31
42 78
43 69
44 97
45 15
46 24
47 14
48 88
49 52
50 37
60
99
401003 1000000
801912 400906
801914 400905
801916 400904
801918 400903
801920 400902
801922 400901
801924 400900
801926 400899
801928 400898
801930 400897
801932 400896
801934 400895
801936 400894
801938 400893
801940 400892
801942 400891
801944 400890
801946 400889
801948 400888
801950 400887
801952 400886
801954 400885
801956 400884
801958 400883
801960 400882
801962 400881
801964 400880
801966 400879
801968 400878
801970 400877
801972 400876
801974 400875
801976 400874
801978 400873
801980 400872
801982 400871
801984 400870
801986 400869
801988 400868
801990 400867
801992 400866
801994 400865
801996 400864
801998 400863
802000 400862
802002 400861
802004 400860
802006 400859
1202821 400903
1603724 400903
2004533 400806
2004535 400805
2004537 400804
2004539 400803
2004541 400802
2004543 400801
2004545 400800
2004547 400799
2004549 400798
2004551 400797
2004553 400796
2004555 400795
2004557 400794
2004559 400793
2004561 400792
2004563 400791
2004565 400790
2004567 400789
2004569 400788
2004571 400787
2004573 400786
2004575 400785
2004577 400784
2004579 400783
2004581 400782
2004583 400781
2004585 400780
2004587 400779
2004589 400778
2004591 400777
2004593 400776
2004595 400775
2004597 400774
2004599 400773
2004601 400772
2004603 400771
2004605 400770
2004607 400769
2004609 400768
2004611 400767
2004613 400766
2004615 400765
2004617 400764
2004619 400763
2004621 400762
2004623 400761
2004625 400760
2004627 400759
2405386
99
757505 1000000
1515006 757498
1515008 757497
1515010 757496
2272504 757498
3030002 757498
3787496 757491
3787498 757490
3787500 757489
4544988 757490
5302478 757490
6059964 757483
6059966 757482
6059968 757481
6817448 757482
7574930 757482
8332408 757475
8332410 757474
8332412 757473
9089883 757475
9847358 757475
10604829 757468
10604831 757467
10604833 757466
11362297 757468
12119765 757468
12877229 757461
12877231 757460
12877233 757459
13634692 757459
14392151 757459
15149606 757452
15149608 757451
15149610 757450
15907058 757452
16664510 757452
17421958 757445
17421960 757444
17421962 757443
18179405 757443
18936848 757443
19694287 757436
19694289 757435
19694291 757434
20451724 757435
21209159 757435
21966590 757428
21966592 757427
21966594 757426
22724020 757426
23481446 757426
24238868 757419
24238870 757418
24238872 757417
24996288 757418
25753706 757418
26511120 757411
26511122 757410
26511124 757409
27268531 757411
28025942 757411
28783349 757404
28783351 757403
28783353 757402
29540755 757402
30298157 757402
31055555 757395
31055557 757394
31055559 757393
31812952 757393
32570345 757393
33327734 757386
33327736 757385
33327738 757384
34085120 757386
34842506 757386
35599888 757379
35599890 757378
35599892 757377
36357269 757376
37114646 757377
37872019 757370
37872021 757369
37872023 757368
38629389 757370
39386759 757370
40144125 757363
40144127 757362
40144129 757361
40901490 757361
41658851 757361
42416208 757354
42416210 757353
42416212 757352
43173563 757353
43930916 757353
44688265 757346
44688267 757345
44688269 757344
45445613
1
200000000 300000000
400000000
5
100 100
105 5
110 5
112 2
114 2
120
99
381454 1000000
395608 600395
432687 867554
444238 990689
462589 545760
470539 752744
497614 614687
502240 811804
510037 805582
527657 666415
561431 758699
588747 547018
639497 551604
648610 657798
657304 802728
657970 875843
669892 580541
715166 963450
718088 646183
719490 945453
720580 665390
721933 998680
740658 576881
752702 822457
759185 872642
1136870 377682
1136872 377681
1136874 377680
1136876 377679
1136878 377678
1136880 377677
1136882 377676
1136884 377675
1136886 377674
1136888 377673
1136890 377672
1136892 377671
1136894 377670
1136896 377669
1136898 377668
1136900 377667
1136902 377666
1136904 377665
1136906 377664
1136908 377663
1136910 377662
1136912 377661
1136914 377660
1136916 377659
1514566 377668
1892234 377668
1904686 797029
1914336 873145
1935963 563298
1960611 753170
1981108 590685
1994521 746442
2022081 595362
2035064 855365
2068353 839630
2069978 541023
2078433 665169
2078927 606400
2122833 891642
2138145 511370
2171423 794773
2172278 936271
2211328 715282
2213232 737311
2219937 716715
2225155 810901
2225320 626510
2245494 615494
2261206 922544
2269296 866099
2646312 377013
2646314 377012
2646316 377011
2646318 377010
2646320 377009
2646322 377008
2646324 377007
2646326 377006
2646328 377005
2646330 377004
2646332 377003
2646334 377002
2646336 377001
2646338 377000
2646340 376999
2646342 376998
2646344 376997
2646346 376996
2646348 376995
2646350 376994
2646352 376993
2646354 376992
2646356 376991
2646358 376990
3023348
99
187510 1000000
375006 187493
375008 187492
375010 187491
375012 187490
375014 187489
375016 187488
375018 187487
375020 187486
562503 187489
749992 187489
937467 187472
937469 187471
937471 187470
937473 187469
937475 187468
937477 187467
937479 187466
937481 187465
1124944 187467
1312411 187467
1499864 187450
1499866 187449
1499868 187448
1499870 187447
1499872 187446
1499874 187445
1499876 187444
1499878 187443
1687320 187444
1874764 187444
2062194 187427
2062196 187426
2062198 187425
2062200 187424
2062202 187423
2062204 187422
2062206 187421
2062208 187420
2249627 187421
2437048 187421
2624455 187404
2624457 187403
2624459 187402
2624461 187401
2624463 187400
2624465 187399
2624467 187398
2624469 187397
2811861 187402
2999263 187402
3186651 187385
3186653 187384
3186655 187383
3186657 187382
3186659 187381
3186661 187380
3186663 187379
3186665 187378
3374038 187383
3561421 187383
3748790 187366
3748792 187365
3748794 187364
3748796 187363
3748798 187362
3748800 187361
3748802 187360
3748804 187359
3936161 187361
4123522 187361
4310869 187344
4310871 187343
4310873 187342
4310875 187341
4310877 187340
4310879 187339
4310881 187338
4310883 187337
4498215 187342
4685557 187342
4872885 187325
4872887 187324
4872889 187323
4872891 187322
4872893 187321
4872895 187320
4872897 187319
4872899 187318
5060217 187317
5247535 187318
5434839 187301
5434841 187300
5434843 187299
5434845 187298
5434847 187297
5434849 187296
5434851 187295
5434853 187294
5622147
7
10 10
15 5
20 9
25 5
30 10
35 5
40 10
45
7
10 10
15 5
20 9
25 5
30 10
35 5
40 10
49
99
493152 1000000
493804 864394
493996 663370
506180 748744
518228 746326
540144 862843
541295 857502
541681 540430
547192 957088
554263 760168
567063 959479
570246 849188
577732 663804
587394 797073
592309 517250
605069 694003
612731 535911
629514 600770
630636 952289
649103 890674
658036 717101
667346 787004
681843 774731
688792 645903
689243 863910
700144 782800
705235 944170
714087 877795
719608 918979
719744 675209
720706 799484
792695 655551
809145 503508
818507 509235
824981 824596
832743 669098
839867 756894
846071 890723
868301 790744
874417 734448
895904 760144
897523 923130
906274 630452
912800 570618
927643 723916
956179 656652
959763 922102
961003 947397
961158 654763
981747 617369
986208 493053
986210 493052
986212 493051
986214 493050
986216 493049
986218 493048
986220 493047
986222 493046
986224 493045
986226 493044
986228 493043
986230 493042
986232 493041
986234 493040
986236 493039
986238 493038
986240 493037
986242 493036
986244 493035
986246 493034
986248 493033
986250 493032
986252 493031
986254 493030
986256 493029
986258 493028
986260 493027
986262 493026
986264 493025
986266 493024
986268 493023
986270 493022
986272 493021
986274 493020
986276 493019
986278 493018
986280 493017
986282 493016
986284 493015
986286 493014
986288 493013
986290 493012
986292 493011
986294 493010
986296 493009
986298 493008
986300 493007
986302 493006
986304 493005
1479309
