10
20 1 2 3 4 5 6 7 8 9 10 11 12 13 14 15 16 17 18 19 20
20 120 266 858 1243 1657 1771 2328 2490 2665 2894 3117 4210 4454 4943 5690 6170 7048 7125 9512 9600
20 27436 12212 14289 52406 78635 72590 92564 20290 52604 47701 18929 16596 66209 63267 36555 28371 21147 7358 83130 32474
20 40481 77046 83993 20497 55651 51255 21265 88591 61110 49999 82173 40922 38996 62985 10752 81674 59934 38747 12687 36580
20 60273 72516 80173 87910 67792 41503 42401 68315 22440 93458 31456 91598 13459 15089 3746 83298 10956 24565 68398 911
20 1481 2528 4057 48911 1129 2354 132 3805 4481 1091 4289 1052 4911 2642 3383 4159 1255 3942 130 2090
20 34452 240 288 1754 1150 1638 2958 3024 4644 1258 2820 586 2154 3666 758 2076 1570 98159 1276 2592
20 31418 82742 35071 36802 10408 81696 11298 54261 5897 70329 901 4948 6502 2209 10398 85070 64455 90443 88903 3455
20 310 704 39902 4136 284 4492 444 4890 1488 768 4910 4144 2976 2356 778 2034 2124 92 63607 2972
20 9639 70844 76230 18069 7784 51981 5936 90797 80520 41220 27266 90907 52512 35116 48880 50844 28343 40107 2523 54657
