100
2
0 1
0 2
3
2 2
0 0
4 4
1
1 1
5
0 5
0 1
1 1
4 7
5 6
10
0 6
0 10
0 19
0 6
0 9
0 8
0 1
0 2
0 3
0 7
9
4 8
7 8
14 15
6 13
5 8
11 15
3 12
1 12
0 1
6
1 6
1 11
0 0
0 0
2 2
7 11
8
0 11
13 15
5 5
0 4
9 9
0 7
0 10
12 13
9
13 14
10 11
0 2
2 4
7 14
4 16
5 12
0 17
4 5
10
1 8
14 18
10 19
5 9
0 4
3 6
7 13
2 11
12 16
15 17
1
0 1
10
774 1745
314 870
172 402
133 692
63 513
430 635
792 1086
520 1446
477 843
295 1024
8
10 15
9 13
0 8
4 6
2 5
11 12
3 7
1 14
6
0 6
0 11
0 6
0 1
0 5
0 3
3
1 4
0 3
1 4
2
0 1
2 3
7
3 13
11 12
4 10
7 9
0 6
5 8
1 2
7
50 96
215 243
1020 1626
746 1734
197 1549
5 220
766 1611
8
0 1
0 8
0 7
0 3
0 4
0 15
0 4
0 8
1
192 569
2
324 493
13 1184
5
3 8
1 9
1 1
0 5
5 5
2
0 3
0 1
3
0 0
1 4
4 4
6
9 10
1 7
1 7
1 8
0 2
2 6
5
6 6
2 6
1 6
0 3
2 6
7
0 8
5 8
1 3
3 8
4 10
9 9
0 4
4
0 1
0 4
0 7
0 2
4
0 2
1 6
0 2
5 7
9
7 7
6 11
2 4
1 1
0 2
14 14
8 13
11 14
10 14
3
410 751
974 1162
409 1550
8
4 6
12 13
2 14
7 9
10 12
0 9
5 8
1 3
4
1 3
5 5
2 3
0 5
8
0 1
0 8
0 7
0 8
0 6
0 8
0 5
0 15
5
2 2
0 0
1 2
7 7
1 7
2
2 3
0 2
4
6 7
0 2
1 2
2 4
10
7 12
0 5
11 17
4 14
2 5
2 9
10 10
1 2
14 18
14 19
9
1 6
10 15
7 10
4 6
10 15
0 7
3 15
12 15
0 1
4
2 3
0 1
6 6
4 6
8
8 8
12 12
0 6
0 6
8 11
2 5
0 3
10 12
8
3 10
3 3
0 3
1 8
11 12
4 12
8 11
2 14
1
185 819
5
1 7
8 9
4 5
0 3
2 6
2
0 1
0 3
2
0 1
1 1
9
0 0
0 0
0 0
0 0
0 0
0 0
0 0
0 0
0 0
2
2 3
0 2
8
3 11
5 6
0 2
11 11
7 10
1 3
14 15
8 8
2
25 122
486 850
1
0 2
7
0 2
12 13
3 11
3 11
8 8
1 3
0 6
9
1 4
12 16
10 15
3 7
1 14
7 11
5 5
0 7
11 16
2
0 1
2 3
6
6 7
1 3
5 7
10 11
0 1
3 7
4
0 7
5 6
3 4
0 3
5
0 5
4 8
0 5
0 4
0 6
7
2 8
4 6
0 4
1 10
12 12
5 9
3 11
3
172 1284
347 1303
1480 1724
7
3 8
2 7
1 12
0 4
5 6
9 10
11 13
9
4 12
2 6
13 14
11 15
1 9
6 9
3 8
13 13
0 3
5
1 1
0 1
4 6
1 7
1 8
6
5 6
1 4
8 8
0 1
4 10
5 6
8
0 0
14 15
2 6
3 10
7 7
0 12
3 12
3 7
6
1 6
4 10
5 5
0 1
4 6
9 11
10
8 17
6 16
6 14
5 19
2 8
0 6
3 12
8 17
1 7
3 13
3
1 3
4 4
0 2
7
591 1640
120 679
547 572
1521 1649
635 1008
1291 1328
214 363
5
4 6
1 8
4 8
0 1
4 7
9
0 0
5 13
12 16
2 9
4 9
0 5
7 12
13 15
2 12
6
0 1
2 9
3 5
10 11
4 8
6 7
3
4 5
0 0
2 2
9
9 13
11 14
1 4
15 17
0 10
3 16
6 8
2 5
7 12
9
10 15
12 15
7 9
5 7
2 4
9 12
0 8
0 2
5 9
7
0 1
0 13
0 7
0 6
0 7
0 3
0 3
1
0 1
10
2001 2001
2001 2001
2001 2001
2001 2001
2001 2001
2001 2001
2001 2001
2001 2001
2001 2001
2001 2001
2
1 1
1 1
10
0 15
0 16
9 12
17 18
13 18
1 1
4 4
10 11
5 14
1 8
10
0 9
0 7
0 6
0 2
0 19
0 6
0 9
0 8
0 5
0 1
1
0 1
4
0 1
0 5
3 6
1 6
6
0 2
0 5
0 1
0 6
0 11
0 5
10
0 19
0 4
0 6
0 6
0 5
0 1
0 4
0 6
0 4
0 5
4
1 6
0 0
0 1
6 7
3
582 1636
1035 1080
424 1233
4
3 4
0 3
0 2
4 4
10
0 15
0 4
0 7
3 4
7 12
7 14
18 19
10 12
4 11
12 15
9
1 1
0 5
5 10
10 14
3 12
2 16
14 14
0 1
0 16
4
0 5
0 2
5 5
0 3
3
0 4
1 4
1 4
2
1 3
0 3
9
6 8
5 13
6 16
1 3
8 16
13 13
8 10
0 10
2 4
9
0 5
0 5
0 9
0 2
0 6
0 17
0 9
0 1
0 6
3
206 229
967 1301
120 436
2
0 2
2 2
2
0 1
2 3
2
0 0
1 2
4
1 5
0 1
2 5
5 5
5
1083 1253
596 1254
492 930
49 1746
20 163
